2046.69524383777753 1089.00461150985211 1.82049400077855 1.00000000000000
2046.66740173846483 1089.11302746180445 1.82263503056350 1.00000000000000
2046.64243029733188 1089.21165732946247 1.82417926807245 1.00000000000000
2046.61718567472417 1089.31084360787645 1.82554154945078 1.00000000000000
2046.58703592931852 1089.42876653047279 1.82703361749036 1.00000000000000
2046.56178386212559 1089.52773589221761 1.82805652930137 1.00000000000000
2046.53409658849705 1089.63629471370950 1.82920421695440 1.00000000000000
2046.50319824391045 1089.75419645477086 1.83067651546707 1.00000000000000
2046.47083344392013 1089.87956004450098 1.83296919336290 1.00000000000000
2046.43508486112114 1090.01394332060590 1.83510296333538 1.00000000000000
2046.39781142305583 1090.15423046564683 1.83811091244292 1.00000000000000
2046.37135212006979 1090.25159628782421 1.84051815505551 1.00000000000000
2046.34435542114079 1090.35018943436444 1.84244821215504 1.00000000000000
2046.31623810634483 1090.45157971931621 1.84524611592549 1.00000000000000
2046.28755854896735 1090.55398648977280 1.84818429995406 1.00000000000000
2046.25798382959329 1090.65826261183247 1.85105319749360 1.00000000000000
2046.22790754260495 1090.76342120021582 1.85426499015638 1.00000000000000
2046.19705738330958 1090.86951217101887 1.85770754397300 1.00000000000000
2046.16562872682698 1090.97646944271401 1.86079302896361 1.00000000000000
2046.13382017600816 1091.08340737828985 1.86436573190505 1.00000000000000
2046.10147242597304 1091.19003900047392 1.86808814143229 1.00000000000000
2046.06827603187412 1091.29759449930862 1.87212754374598 1.00000000000000
2046.03468506480567 1091.40494889346883 1.87624831696121 1.00000000000000
2046.00081923638936 1091.51238133944571 1.88016810183147 1.00000000000000
2045.96612036827719 1091.62050693295896 1.88496310049517 1.00000000000000
2045.93062081944663 1091.72946095420048 1.88984738379084 1.00000000000000
2045.89448905526660 1091.83931690081954 1.89493716471802 1.00000000000000
2045.85761695093242 1091.94996217731386 1.90012120372248 1.00000000000000
2045.81983268831391 1092.06140024727210 1.90542351233738 1.00000000000000
2045.78084991697688 1092.17338211741298 1.91104267517602 1.00000000000000
2045.74106706219027 1092.28628410911188 1.91723208100957 1.00000000000000
2045.70071361085866 1092.39899206859991 1.92337643184817 1.00000000000000
2045.65893966855947 1092.51331119239330 1.92899632582666 1.00000000000000
2045.61629302421352 1092.62711248360574 1.93545529366235 1.00000000000000
2045.57281684514601 1092.74064568895847 1.94305717120292 1.00000000000000
2045.52820712036919 1092.85495630651712 1.95034592422533 1.00000000000000
2045.48230947309639 1092.96937907952815 1.95763512039326 1.00000000000000
2045.43471166351810 1093.08462600875646 1.96612373569567 1.00000000000000
2045.38602809538133 1093.20038573397323 1.97529275583607 1.00000000000000
2045.33583611145150 1093.31660361168906 1.98440252201612 1.00000000000000
2045.28406083176378 1093.43421504832804 1.99440399870469 1.00000000000000
2045.23063368257135 1093.55220397748053 2.00453892358542 1.00000000000000
2045.17520016955677 1093.67043764516711 2.01491344027147 1.00000000000000
2045.11821172497002 1093.78897309396416 2.02595577435643 1.00000000000000
2045.05921724287327 1093.90784470923245 2.03707137385332 1.00000000000000
2044.99869302264415 1094.02692958852276 2.04797474619016 1.00000000000000
2044.93637169338763 1094.14514012541622 2.06018742411784 1.00000000000000
2044.87241250835359 1094.26366269541904 2.07226971588068 1.00000000000000
2044.80575677414890 1094.38331968011335 2.08423152558438 1.00000000000000
2044.73754940700019 1094.50291788903996 2.09670651796107 1.00000000000000
2044.66751065012068 1094.62263423856348 2.10875832731917 1.00000000000000
2044.59498122433433 1094.74223118182272 2.12144088580783 1.00000000000000
2044.51971522776876 1094.86252183001488 2.13496191816426 1.00000000000000
2044.44241503579542 1094.98270419426262 2.14749783880008 1.00000000000000
2044.36308197805192 1095.10285167302936 2.16008894046826 1.00000000000000
2044.28157951356843 1095.22257870901376 2.17404923986457 1.00000000000000
2044.19788561039604 1095.34191558649763 2.18703137036123 1.00000000000000
2044.11234526889166 1095.46132331015542 2.20091370852264 1.00000000000000
2044.02432716032490 1095.58015085197985 2.21556352697924 1.00000000000000
2043.93383762100711 1095.69832456205040 2.22941576354058 1.00000000000000
2043.84102006733883 1095.81615217681974 2.24422446692624 1.00000000000000
2043.74585099075921 1095.93338989419863 2.26006560608504 1.00000000000000
2043.64769076660741 1096.04971736576408 2.27643520636913 1.00000000000000
2043.54724817344686 1096.16530744964257 2.29325309832200 1.00000000000000
2043.44431004131911 1096.28000180888921 2.31005990841429 1.00000000000000
2043.33903378853574 1096.39361239178106 2.32748907342459 1.00000000000000
2043.23068306111963 1096.50594188505784 2.34510669136570 1.00000000000000
2043.11992027773522 1096.61696674954146 2.36323248275323 1.00000000000000
2043.00697800691705 1096.72592372959480 2.38220861731020 1.00000000000000
2042.89221849665046 1096.83280907198787 2.40175546283118 1.00000000000000
2042.77460795221850 1096.93806249555200 2.42151786385624 1.00000000000000
2042.65446995018283 1097.04164683585986 2.44249940478935 1.00000000000000
2042.53155348799191 1097.14271672070026 2.46452991820863 1.00000000000000
2042.40621962904697 1097.24164490494877 2.48667832759946 1.00000000000000
2042.27797246875707 1097.33736038440838 2.50979064449777 1.00000000000000
2042.14697779680137 1097.42986063892022 2.53292422782162 1.00000000000000
2042.01348084630445 1097.51872597495094 2.55656328207811 1.00000000000000
2041.87845034059137 1097.60467619262636 2.58020692780244 1.00000000000000
2041.74077112798113 1097.68717779871076 2.60419768546315 1.00000000000000
2041.60215791902738 1097.76556435786188 2.62969607158494 1.00000000000000
2041.46142980956938 1097.84053499205038 2.65516652627380 1.00000000000000
2041.31975734361913 1097.91112814843655 2.68033259808121 1.00000000000000
2041.17629117576871 1097.97797921719030 2.70602469124312 1.00000000000000
2041.03087253775448 1098.04082964407280 2.73176517371376 1.00000000000000
2040.88508098397870 1098.09981747251004 2.75755944793072 1.00000000000000
2040.73760254669469 1098.15470580616966 2.78355426790399 1.00000000000000
2040.59005414665444 1098.20559375081211 2.80850974721875 1.00000000000000
2040.44197261350928 1098.25208304869011 2.83415089093722 1.00000000000000
2040.29296881391201 1098.29467821773142 2.85963073340214 1.00000000000000
2040.14289942884352 1098.33114304952323 2.88617501271210 1.00000000000000
2039.99308619892690 1098.36380310589448 2.91305682030886 1.00000000000000
2039.84328724583611 1098.39184786798432 2.93969782021523 1.00000000000000
2039.69298955099657 1098.41619087802246 2.96577862629963 1.00000000000000
2039.54209999926388 1098.43631288129836 2.99234912862257 1.00000000000000
2039.39176944817882 1098.45247826306149 3.01877438073381 1.00000000000000
2039.24235570186283 1098.46455753035843 3.04484359201845 1.00000000000000
2039.09276357572526 1098.47353979339823 3.07050835661437 1.00000000000000
2038.94310047989711 1098.47883175406605 3.09601935450044 1.00000000000000
2038.79329166805837 1098.48032721923664 3.12213259362598 1.00000000000000
2038.64467180310749 1098.47808223450556 -3.13522893651629 1.00000000000000
2038.49726693984121 1098.47238155035302 -3.10982313532917 1.00000000000000
2038.35021554341074 1098.46317935502157 -3.08474118894860 1.00000000000000
2038.20466058771126 1098.45014821225777 -3.05862859489577 1.00000000000000
2038.05940820981050 1098.43362184474245 -3.03305069397318 1.00000000000000
2037.91368982952554 1098.41346457088366 -3.00809322544144 1.00000000000000
2037.76967669394799 1098.38975682854652 -2.98214297088426 1.00000000000000
2037.62635031645186 1098.36256160028279 -2.95636442940300 1.00000000000000
2037.48394525231561 1098.33176396973431 -2.93148882981703 1.00000000000000
2037.34211584093282 1098.29800922609866 -2.90604247661952 1.00000000000000
2037.20137655356666 1098.26038455683738 -2.87992578758394 1.00000000000000
2037.06178477162030 1098.21942252386361 -2.85482689870665 1.00000000000000
2036.92229203204624 1098.17454190133139 -2.82977337894629 1.00000000000000
2036.78400400932878 1098.12678036605939 -2.80421355792096 1.00000000000000
2036.64705133507960 1098.07593976240605 -2.77813216716395 1.00000000000000
2036.51080184488092 1098.02103289030492 -2.75290020894203 1.00000000000000
2036.37584039277863 1097.96265687700361 -2.72748774734164 1.00000000000000
2036.24140810163226 1097.90136945247650 -2.70168058092028 1.00000000000000
2036.10873692913447 1097.83689661836252 -2.67603180056264 1.00000000000000
2035.97673523926642 1097.76909016398713 -2.65007718812859 1.00000000000000
2035.84567307075486 1097.69725296925753 -2.62419585019969 1.00000000000000
2035.71552175108809 1097.62190058734268 -2.59874272896387 1.00000000000000
2035.58671409823000 1097.54269277304411 -2.57259484205892 1.00000000000000
2035.45909043977736 1097.45974841481075 -2.54722631548132 1.00000000000000
2035.33263198129134 1097.37350784568116 -2.52241745070543 1.00000000000000
2035.20836969639640 1097.28418742492795 -2.49614955541295 1.00000000000000
2035.08657932095230 1097.19184342352673 -2.47012187069217 1.00000000000000
2034.96609230444301 1097.09620454488322 -2.44466967023470 1.00000000000000
2034.84776383580174 1096.99800750333816 -2.41892699548526 1.00000000000000
2034.73215265129693 1096.89662404963747 -2.39331377584909 1.00000000000000
2034.61870101373643 1096.79150084732100 -2.36802952558756 1.00000000000000
2034.50772239407524 1096.68381551839411 -2.34283428988663 1.00000000000000
2034.39879913767800 1096.57226056838408 -2.31844754031606 1.00000000000000
2034.29260904993862 1096.45861496357247 -2.29476200055493 1.00000000000000
2034.18789897544775 1096.34205659106374 -2.27126967562051 1.00000000000000
2034.08609931613319 1096.22291541751474 -2.24822839368737 1.00000000000000
2033.98606234439649 1096.10140256583691 -2.22604086350120 1.00000000000000
2033.88894177967450 1095.97764127468690 -2.20301886626250 1.00000000000000
2033.79401550564216 1095.85083030164242 -2.18104316798771 1.00000000000000
2033.70145000587218 1095.72238778928295 -2.16020469523442 1.00000000000000
2033.61099302954972 1095.59111351612955 -2.13914402177724 1.00000000000000
2033.52236868778709 1095.45919569022954 -2.11896272522917 1.00000000000000
2033.43531248962972 1095.32500782143325 -2.09980460294476 1.00000000000000
2033.35017035924830 1095.18877267651260 -2.08160586042605 1.00000000000000
2033.26707972516306 1095.05136860394850 -2.06417375577716 1.00000000000000
2033.18613977578934 1094.91132577601820 -2.04711876784172 1.00000000000000
2033.10665946849622 1094.77056861296296 -2.03139446472580 1.00000000000000
2033.02931382192764 1094.62743847072124 -2.01570511233872 1.00000000000000
2032.95428848708980 1094.48306810343638 -2.00043185106620 1.00000000000000
2032.88101782219019 1094.33783426461741 -1.98700649791477 1.00000000000000
2032.80947822070448 1094.19188304618001 -1.97286386051278 1.00000000000000
2032.73881846223958 1094.04455639515072 -1.95915082787128 1.00000000000000
2032.66959544684505 1093.89516989793628 -1.94716069861784 1.00000000000000
2032.60185586183798 1093.74525390006602 -1.93516024362907 1.00000000000000
2032.53549169289181 1093.59363443870097 -1.92258563585189 1.00000000000000
2032.47104926162865 1093.44119335152209 -1.90976026196449 1.00000000000000
2032.40826075035147 1093.28815030958503 -1.89778170516252 1.00000000000000
2032.34798055072315 1093.13293488789350 -1.88433618684432 1.00000000000000
2032.28897678572685 1092.97712259180844 -1.87131771192615 1.00000000000000
2032.23154429823626 1092.81943292822689 -1.85949507039076 1.00000000000000
2032.17588233709102 1092.66123780468479 -1.84819752964507 1.00000000000000
2032.12210790056270 1092.50229170266539 -1.83560854286664 1.00000000000000
2032.06797589157941 1092.34364572307095 -1.82541682988552 1.00000000000000
2032.01576904143440 1092.18435673089698 -1.81586020190854 1.00000000000000
2031.96462025365327 1092.02346201008186 -1.80548749632929 1.00000000000000
2031.91556032950757 1091.86080249818042 -1.79498073834597 1.00000000000000
2031.86823415622348 1091.69764648284763 -1.78464320797334 1.00000000000000
2031.82331623649225 1091.53379341261461 -1.77378456882367 1.00000000000000
2031.78073806711473 1091.36713932966813 -1.76248316756657 1.00000000000000
2031.74019767483696 1091.19880795525387 -1.75166753093611 1.00000000000000
2031.70072165282909 1091.02937704883516 -1.74058830188454 1.00000000000000
2031.66293257742655 1090.85729555692524 -1.72910009978726 1.00000000000000
2031.62691770802485 1090.68382701091468 -1.71781388395526 1.00000000000000
2031.59247350052465 1090.50878715887666 -1.70633293365436 1.00000000000000
2031.56021713442169 1090.33126708772033 -1.69450979795464 1.00000000000000
2031.52954046492232 1090.15248624049127 -1.68219630620902 1.00000000000000
2031.50107475544792 1089.97091299388558 -1.66942236679921 1.00000000000000
2031.47369458060712 1089.78606072580442 -1.65614558590887 1.00000000000000
2031.44862817943795 1089.59913751296699 -1.64280509839420 1.00000000000000
2031.42234451667173 1089.41053428594023 -1.62998247194903 1.00000000000000
2031.39903843600769 1089.22077975934371 -1.61647348897648 1.00000000000000
2031.37883073312696 1089.02834243513644 -1.60303561340832 1.00000000000000
2031.36168551736046 1088.83456586860120 -1.58980768942704 1.00000000000000
2031.34798823483288 1088.63970916578546 -1.57508409024156 1.00000000000000
2031.33630565745989 1088.44349283864722 -1.56005387344131 1.00000000000000
2031.32962155423593 1088.24697022419423 -1.54496346584317 1.00000000000000
2031.32582017051755 1088.04831832880154 -1.53030338945939 1.00000000000000
2031.32559584861156 1087.84883492905647 -1.51402061322800 1.00000000000000
2031.32854172587395 1087.64817820396274 -1.49851958306671 1.00000000000000
2031.33157447003759 1087.54801004147157 -1.49135402938011 1.00000000000000
2031.33861373132095 1087.44738943409175 -1.48314765954217 1.00000000000000
2031.34241784212645 1087.34692495968193 -1.47556222357857 1.00000000000000
2031.35122809850145 1087.24571303417906 -1.46597969262441 1.00000000000000
2031.35782852768898 1087.14487579464912 -1.45763455213809 1.00000000000000
2031.36842179321684 1087.04346602316946 -1.44861683000683 1.00000000000000
2031.37637725425884 1086.94222515588626 -1.44146112923356 1.00000000000000
2031.38868521753466 1086.84025436500087 -1.43302719682113 1.00000000000000
2031.39917617966421 1086.73869750322774 -1.42497511052915 1.00000000000000
2031.41331576975062 1086.63646191777661 -1.41560467854739 1.00000000000000
2031.42580861493479 1086.53453484084457 -1.40737036875921 1.00000000000000
2031.44177811016561 1086.43233843706548 -1.39797119797214 1.00000000000000
2031.45550378423650 1086.33023182116449 -1.38981957813699 1.00000000000000
2031.47336298157461 1086.22765010455623 -1.38065353569791 1.00000000000000
2031.49000198743306 1086.12562966533005 -1.37237334533972 1.00000000000000
2031.50966107181739 1086.02341211214662 -1.36317652773007 1.00000000000000
2031.52851958654355 1085.92124338122085 -1.35506675886913 1.00000000000000
2031.55002528615296 1085.81895897258073 -1.34610646264822 1.00000000000000
2031.57071916712448 1085.71676195971668 -1.33781903803973 1.00000000000000
2031.59413430176210 1085.61436145193875 -1.32856653757952 1.00000000000000
2031.61678347887937 1085.51197728607804 -1.32004745204231 1.00000000000000
2031.64212431921624 1085.40953273233026 -1.31087563717974 1.00000000000000
2031.66774071822874 1085.30719850584865 -1.30205550846104 1.00000000000000
2031.69501581159420 1085.20488041127101 -1.29294209531012 1.00000000000000
2031.72119465982541 1085.10338558396325 -1.28455097496866 1.00000000000000
2031.75021745148115 1085.00179851148278 -1.27527393233385 1.00000000000000
2031.77829326543724 1084.90067272074521 -1.26689611805140 1.00000000000000
2031.80922702769749 1084.79910599347204 -1.25799407988756 1.00000000000000
2031.83917751011904 1084.69899432221428 -1.24972919822386 1.00000000000000
2031.87152614904335 1084.59910441050306 -1.24059853967261 1.00000000000000
2031.90307539649075 1084.50013561220840 -1.23225412098310 1.00000000000000
2031.93705222435528 1084.40113056637347 -1.22325235736240 1.00000000000000
2031.97103113366757 1084.30278326338157 -1.21498593708985 1.00000000000000
2032.00669867463876 1084.20437965402380 -1.20626479742236 1.00000000000000
2032.04186065250542 1084.10675083333626 -1.19806206434060 1.00000000000000
2032.07918688899372 1084.00912851700559 -1.18886336674530 1.00000000000000
2032.11565054033417 1083.91255303239450 -1.18040535786508 1.00000000000000
2032.15451281820424 1083.81591622810811 -1.17167828024251 1.00000000000000
2032.19254006654955 1083.72024960676208 -1.16380468782085 1.00000000000000
2032.23279806855135 1083.62484383303672 -1.15499532920305 1.00000000000000
2032.27271946618566 1083.53059218777344 -1.14652947895985 1.00000000000000
2032.31448515551165 1083.43621723307297 -1.13753014997916 1.00000000000000
2032.35539859905839 1083.34291392564774 -1.12939278645951 1.00000000000000
2032.39844530168921 1083.24987673340365 -1.12095352750842 1.00000000000000
2032.44062284950633 1083.15805277600884 -1.11293819820935 1.00000000000000
2032.48510815366171 1083.06605518842116 -1.10402590956572 1.00000000000000
2032.52877967187669 1082.97535022767261 -1.09579761074518 1.00000000000000
2032.57455579366069 1082.88461789116263 -1.08715775256661 1.00000000000000
2032.61940808710642 1082.79455630807206 -1.07928736523683 1.00000000000000
2032.66670762246940 1082.70450897281989 -1.07092542365119 1.00000000000000
2032.71327015786665 1082.61584946559742 -1.06278190720857 1.00000000000000
2032.76180273672799 1082.52720035845414 -1.05366269485199 1.00000000000000
2032.85929727851180 1082.35250119352713 -1.03551446410109 1.00000000000000
2032.95998988673091 1082.18061075266451 -1.01738422818893 1.00000000000000
2033.06360039400170 1082.01171012036502 -0.99886868183526 1.00000000000000
2033.17018910811748 1081.84463654691353 -0.98073316491889 1.00000000000000
2033.27901873597875 1081.68041128199548 -0.96240412989110 1.00000000000000
2033.39075314661022 1081.51897708559409 -0.94420494737652 1.00000000000000
2033.50507838896010 1081.35965266916901 -0.92647444715203 1.00000000000000
2033.62184633524157 1081.20330772735178 -0.90843767604281 1.00000000000000
2033.74142427835613 1081.05015012389049 -0.88990561104665 1.00000000000000
2033.86347225890495 1080.89925582613796 -0.87112281338893 1.00000000000000
2033.98748631787021 1080.75223131198436 -0.85138369085232 1.00000000000000
2034.11506420408841 1080.60797980101779 -0.83201690126702 1.00000000000000
2034.24499849218410 1080.46611405909061 -0.81246284949843 1.00000000000000
2034.37795011536218 1080.32713956665248 -0.79222322499802 1.00000000000000
2034.51251837715972 1080.19092851132154 -0.77269882729196 1.00000000000000
2034.65056520252256 1080.05787455849349 -0.75273590816822 1.00000000000000
2034.79021623131121 1079.92836589459330 -0.73158790091531 1.00000000000000
2034.93268704903312 1079.80172395519912 -0.71126522074175 1.00000000000000
2035.07788470655214 1079.67919117538258 -0.69027059569833 1.00000000000000
2035.22409059503116 1079.56013173749670 -0.66818994623482 1.00000000000000
2035.37345489114523 1079.44450175156817 -0.64652148342111 1.00000000000000
2035.52538445522077 1079.33236850518733 -0.62477407007533 1.00000000000000
2035.67969053634442 1079.22322535701096 -0.60252375373541 1.00000000000000
2035.83684634196106 1079.11793287098408 -0.57999498006988 1.00000000000000
2035.99743221735116 1079.01583171077073 -0.55761547995016 1.00000000000000
2036.15965004148893 1078.91705309599638 -0.53511951634079 1.00000000000000
2036.32408764533466 1078.82173654949293 -0.51231720952275 1.00000000000000
2036.49086596467532 1078.73047834075987 -0.48959733202924 1.00000000000000
2036.66032301075757 1078.64222118584439 -0.46758953678871 1.00000000000000
2036.83243894251063 1078.55710583366454 -0.44506149192249 1.00000000000000
2037.00673471088521 1078.47629699250683 -0.42228618862754 1.00000000000000
2037.18322185333818 1078.39865933451802 -0.39984705307745 1.00000000000000
2037.36317592812702 1078.32400049082935 -0.37750956857365 1.00000000000000
2037.54455527639948 1078.25343734631315 -0.35633704630506 1.00000000000000
2037.72832790436223 1078.18636828335002 -0.33440748502337 1.00000000000000
2037.91554665955482 1078.12307719700038 -0.31219908789727 1.00000000000000
2038.10489649878582 1078.06338724959642 -0.29141500641022 1.00000000000000
2038.29662909870967 1078.00760201457888 -0.27029337312527 1.00000000000000
2038.49040075647645 1077.95555847883224 -0.24978720207312 1.00000000000000
2038.58789164578775 1077.93195844534785 -0.23991919771216 1.00000000000000
2038.68640983349178 1077.90701149357483 -0.23021670790081 1.00000000000000
2038.78458287933609 1077.88497935049236 -0.22027789136260 1.00000000000000
2038.88406495173695 1077.86185189103708 -0.21054394797780 1.00000000000000
2038.98295874916948 1077.84104938153177 -0.20097869183243 1.00000000000000
2039.08326348161791 1077.81974272290245 -0.19142830204032 1.00000000000000
2039.18308129790239 1077.80079017998651 -0.18188234117719 1.00000000000000
2039.28442477626959 1077.78130523301661 -0.17197618637165 1.00000000000000
2039.38503432355355 1077.76386459171772 -0.16225385519724 1.00000000000000
2039.48712011106545 1077.74623089330271 -0.15290916342159 1.00000000000000
2039.58823814732023 1077.72969298670068 -0.14340687114209 1.00000000000000
2039.69115706102457 1077.71400448679924 -0.13299498937583 1.00000000000000
2039.79322800680529 1077.69917064951733 -0.12303146707374 1.00000000000000
2039.89690007630270 1077.68546257959679 -0.11286319526939 1.00000000000000
2039.99906750977971 1077.67235018778592 -0.10356067494427 1.00000000000000
2040.10291783080902 1077.66062315506861 -0.09397755250301 1.00000000000000
2040.20545243460219 1077.64925705967471 -0.08468682599740 1.00000000000000
2040.30957098986255 1077.63956210948527 -0.07427065416075 1.00000000000000
2040.41148727911059 1077.63006279850379 -0.06429834442381 1.00000000000000
2040.51530582190026 1077.62247085617855 -0.05403113137408 1.00000000000000
2040.61806572874775 1077.61471142387018 -0.04479825502457 1.00000000000000
2040.72249723644927 1077.60907845664769 -0.03506164112131 1.00000000000000
2040.82467570988229 1077.60349268233404 -0.02583424146652 1.00000000000000
2040.92871483316412 1077.59988629817963 -0.01582713376488 1.00000000000000
2041.03105811984278 1077.59617900615558 -0.00629954442112 1.00000000000000
2041.13508630171418 1077.59458421822637 0.00370555472468 1.00000000000000
2041.23689684853889 1077.59312552725896 0.01321519200936 1.00000000000000
2041.34053888090421 1077.59353957464918 0.02313833581625 1.00000000000000
2041.44186818756862 1077.59394027339295 0.03253510668843 1.00000000000000
2041.54494349641027 1077.59635638305917 0.04266002633157 1.00000000000000
2041.64536449545994 1077.59901610994712 0.05227929071836 1.00000000000000
2041.74733737623319 1077.60340265044942 0.06232854990988 1.00000000000000
2041.94859916204587 1077.61371680349112 0.08070605083778 1.00000000000000
2042.14834863384021 1077.62759865401313 0.09800824739404 1.00000000000000
2042.34694561921060 1077.64493026165292 0.11368223454644 1.00000000000000
2042.54414321470540 1077.66519909445196 0.12752210431671 1.00000000000000
2042.74016352894250 1077.68800883553922 0.13997538962642 1.00000000000000
2042.93365855608135 1077.71233599493280 0.15050053757250 1.00000000000000
2043.12597621919122 1077.73846850544214 0.15960638485682 1.00000000000000
2043.31694234430324 1077.76600970327854 0.16658748716159 1.00000000000000
2043.50572280143388 1077.79402067465708 0.17082259425484 1.00000000000000
2043.69333061762154 1077.82199519686401 0.17313033840443 1.00000000000000
2043.87864950194489 1077.85013320716098 0.17377486320582 1.00000000000000
2044.06323466321919 1077.87754624988884 0.17093710293750 1.00000000000000
2044.24665897886734 1077.90359933814034 0.16592010881249 1.00000000000000
2044.42815213114955 1077.92806597566232 0.15892488672219 1.00000000000000
2044.60903908906039 1077.95038655586541 0.14953766620444 1.00000000000000
2044.78807842056267 1077.97017771285027 0.13869658609452 1.00000000000000
2044.96641856688075 1077.98745490144938 0.12694132491787 1.00000000000000
2045.14310864463914 1078.00101335905492 0.11281222421406 1.00000000000000
2045.32007224741392 1078.01111566508189 0.09812731509724 1.00000000000000
2045.49644462694414 1078.01796030253172 0.08251766329428 1.00000000000000
2045.67165135068353 1078.02124773198739 0.06720509307296 1.00000000000000
2045.84505859139608 1078.02120882784948 0.05111185874523 1.00000000000000
2046.01853864028817 1078.01762985484675 0.03401589536506 1.00000000000000
2046.19103125855327 1078.01052298955619 0.01698759705423 1.00000000000000
2046.36334394896403 1078.00021524261683 0.00070493284800 1.00000000000000
2046.53456525469664 1077.98643117398024 -0.01797317298564 1.00000000000000
2046.70568436570466 1077.96896603284404 -0.03668006372642 1.00000000000000
2046.87653183517978 1077.94821192137897 -0.05539995318171 1.00000000000000
2047.04718068416696 1077.92344334069639 -0.07533512156204 1.00000000000000
2047.21848005906213 1077.89529303507879 -0.09443066849088 1.00000000000000
2047.39028518093983 1077.86354293627664 -0.11403645768574 1.00000000000000
2047.56151649402454 1077.82808286370710 -0.13477184349938 1.00000000000000
2047.73207644547801 1077.78835765179247 -0.15635128684191 1.00000000000000
2047.90073825116269 1077.74504092847928 -0.17863743176027 1.00000000000000
2048.06870558182709 1077.69731020880863 -0.20268500938663 1.00000000000000
2048.23547849268652 1077.64533638348803 -0.22593445109476 1.00000000000000
2048.40098743594717 1077.58941066637635 -0.24902335628659 1.00000000000000
2048.56628918705974 1077.52887950418517 -0.27395552992658 1.00000000000000
2048.73018524574582 1077.46461883839220 -0.29897918680846 1.00000000000000
2048.89340774231823 1077.39597540767863 -0.32339610236768 1.00000000000000
2049.05497959326021 1077.32349354168400 -0.34793877945976 1.00000000000000
2049.21389251394430 1077.24698641430587 -0.37332835124178 1.00000000000000
2049.37082918360829 1077.16653998056427 -0.39869835072135 1.00000000000000
2049.52568742621224 1077.08202737662941 -0.42452558930902 1.00000000000000
2049.67928068444598 1076.99275600817055 -0.45229969302583 1.00000000000000
2049.83046427892987 1076.89961567288265 -0.47954030140122 1.00000000000000
2049.97927438822808 1076.80242714146152 -0.50521893582944 1.00000000000000
2050.12625059176935 1076.70051281061023 -0.53330518444097 1.00000000000000
2050.27045510499738 1076.59490775736049 -0.56045029502488 1.00000000000000
2050.41187445085961 1076.48574643488973 -0.58711403761746 1.00000000000000
2050.55117735941894 1076.37234816141427 -0.61449777972663 1.00000000000000
2050.68756507558282 1076.25507015688345 -0.64226323098693 1.00000000000000
2050.82036023412365 1076.13432992110029 -0.66974644556690 1.00000000000000
2050.95089806313626 1076.00941018294543 -0.69738123027925 1.00000000000000
2051.07799217186403 1075.88116348860785 -0.72435545052104 1.00000000000000
2051.20175628823927 1075.74994510971010 -0.75180873442243 1.00000000000000
2051.32292943424545 1075.61453121714294 -0.77902042873000 1.00000000000000
2051.44090477807913 1075.47568792477250 -0.80580980323451 1.00000000000000
2051.55553149152547 1075.33398476848379 -0.83332885658829 1.00000000000000
2051.66722925263457 1075.18850415153429 -0.86069836207093 1.00000000000000
2051.77488336747047 1075.04048343794420 -0.88782146572562 1.00000000000000
2051.87868690444157 1074.88979992317036 -0.91533361204489 1.00000000000000
2051.97897622839082 1074.73548294743523 -0.94234145957218 1.00000000000000
2052.07540772738867 1074.57940730871633 -0.96902899356925 1.00000000000000
2052.16781581495889 1074.42068450897932 -0.99613159318550 1.00000000000000
2052.25618889875477 1074.25972695043311 -1.02276754046913 1.00000000000000
2052.34086341306102 1074.09568720962852 -1.04952148359703 1.00000000000000
2052.42128495045472 1073.92975277313963 -1.07619705731936 1.00000000000000
2052.49802240822464 1073.76077390788123 -1.10218878217997 1.00000000000000
2052.57065254414920 1073.59007640602067 -1.12792327427534 1.00000000000000
2052.63929608964827 1073.41780969640240 -1.15283762016152 1.00000000000000
2052.70381977467332 1073.24375824118033 -1.17669794165927 1.00000000000000
2052.76447374926647 1073.06842464534566 -1.19928075016260 1.00000000000000
2052.82180862291716 1072.89196858461946 -1.22019921655999 1.00000000000000
2052.87612095248187 1072.71366140758619 -1.23956928250008 1.00000000000000
2052.92723662673961 1072.53418293036520 -1.25728515165686 1.00000000000000
2052.97597811958985 1072.35316527308896 -1.27285971889316 1.00000000000000
2053.02257872221526 1072.17202650103718 -1.28630674691557 1.00000000000000
2053.06741283333395 1071.99014471843839 -1.29765446225899 1.00000000000000
2053.11090386530850 1071.80805657850578 -1.30720799904538 1.00000000000000
2053.15321068913909 1071.62585317948833 -1.31427443697805 1.00000000000000
2053.19502481597010 1071.44356282474473 -1.32015075148820 1.00000000000000
2053.23638628202025 1071.26018985593691 -1.32493930501627 1.00000000000000
2053.27784163807519 1071.07652071025223 -1.32884296605820 1.00000000000000
2053.31929296656745 1070.89341123169288 -1.33211278895964 1.00000000000000
2053.36078393179923 1070.70891399215907 -1.33553085094187 1.00000000000000
2053.40256210346706 1070.52496168110520 -1.33829919768248 1.00000000000000
2053.44458131742431 1070.34099557343870 -1.34068690318588 1.00000000000000
2053.48698005930055 1070.15580403106287 -1.34213930665317 1.00000000000000
2053.52994056034368 1069.97093375818804 -1.34239519134055 1.00000000000000
2053.57339435425820 1069.78514549368992 -1.34259962048486 1.00000000000000
2053.61763176659588 1069.59808495361358 -1.34115035325139 1.00000000000000
2053.66264751047129 1069.41150268632919 -1.34011843967709 1.00000000000000
2053.70858912228141 1069.22395199583843 -1.33887426495666 1.00000000000000
2053.75557381176623 1069.03440315742046 -1.33706433933358 1.00000000000000
2053.80323489813600 1068.84404201339930 -1.33512353635276 1.00000000000000
2053.85207086312585 1068.65282311430201 -1.33280938309883 1.00000000000000
2053.90226806339342 1068.45965090254322 -1.33059971803275 1.00000000000000
2053.93065788212698 1068.36280713463202 -1.32849717933170 1.00000000000000
2053.95359141461086 1068.26490609021857 -1.32751629350368 1.00000000000000
2053.98269371083006 1068.16700384346768 -1.32442928133027 1.00000000000000
2054.00629985786509 1068.06824825378135 -1.32261483091748 1.00000000000000
2054.03652548114769 1067.96925027854741 -1.31913314796043 1.00000000000000
2054.06105529557681 1067.86894228216261 -1.31722111653779 1.00000000000000
2054.09204724244773 1067.76911821356043 -1.31354981038541 1.00000000000000
2054.11740740493406 1067.66803509322926 -1.31112161986808 1.00000000000000
2054.14943213673541 1067.56739125819877 -1.30655478068801 1.00000000000000
2054.17577171127778 1067.46565029397607 -1.30327821342694 1.00000000000000
2054.20915213262197 1067.36409352067858 -1.29825235736792 1.00000000000000
2054.23660356196342 1067.26165577396750 -1.29455939217048 1.00000000000000
2054.27097560692346 1067.16037822095677 -1.28899158950025 1.00000000000000
2054.29937657981645 1067.05821800837293 -1.28503377194337 1.00000000000000
2054.33471515140263 1066.95714496215805 -1.27928511647956 1.00000000000000
2054.36413180734962 1066.85528856096789 -1.27496009031571 1.00000000000000
2054.40037826984189 1066.75454110652208 -1.26881035842004 1.00000000000000
2054.43089096760377 1066.65304031316191 -1.26389019187099 1.00000000000000
2054.46817975491285 1066.55238782102242 -1.25717137384666 1.00000000000000
2054.49990766379051 1066.45123475464061 -1.25173891515354 1.00000000000000
2054.53876194317127 1066.35123949451372 -1.24463080412240 1.00000000000000
2054.57181136694271 1066.25038015237078 -1.23886868371160 1.00000000000000
2054.61151667352533 1066.15137998480350 -1.23145999586641 1.00000000000000
2054.64579390094150 1066.05140915932134 -1.22505720011133 1.00000000000000
2054.68735499994364 1065.95322724571452 -1.21653106034902 1.00000000000000
2054.72295305458829 1065.85439031431451 -1.20926583191922 1.00000000000000
2054.76575224002590 1065.75743449991569 -1.20006607966228 1.00000000000000
2054.80290843150578 1065.65964763145894 -1.19149359087430 1.00000000000000
2054.84745903895237 1065.56386975571513 -1.18078616933527 1.00000000000000
2054.88633655203739 1065.46727410145104 -1.17141247528798 1.00000000000000
2054.93252344179200 1065.37225001631305 -1.16066127234757 1.00000000000000
2054.97332531970460 1065.27644728403538 -1.15132623655537 1.00000000000000
2055.02123771177139 1065.18282266287133 -1.14003613242065 1.00000000000000
2055.06385697785299 1065.08840806409717 -1.12972048477947 1.00000000000000
2055.11374829430133 1064.99615464871749 -1.11792817469656 1.00000000000000
2055.15820880257525 1064.90314313769341 -1.10770447695096 1.00000000000000
2055.21037441992667 1064.81210555555299 -1.09631232635969 1.00000000000000
2055.25686662166845 1064.71999680949375 -1.08635125149442 1.00000000000000
2055.31068955198862 1064.63048001797870 -1.07495941205535 1.00000000000000
2055.35886982432567 1064.53996333898976 -1.06473417335937 1.00000000000000
2055.41455295868218 1064.45209350343794 -1.05286519026958 1.00000000000000
2055.46456799772568 1064.36300217593089 -1.04217948221396 1.00000000000000
2055.52244010160211 1064.27700096648186 -1.02958099120412 1.00000000000000
2055.57434632861987 1064.18951275665313 -1.01801015134323 1.00000000000000
2055.63396088324953 1064.10549671994522 -1.00473231704320 1.00000000000000
2055.68777064426104 1064.01975713344291 -0.99272612076072 1.00000000000000
2055.74931301735342 1063.93752724304795 -0.97912457148097 1.00000000000000
2055.80511631513946 1063.85358510399237 -0.96629269268484 1.00000000000000
2055.86866727215238 1063.77294974401593 -0.95184354520975 1.00000000000000
2055.92674054537201 1063.69058334827423 -0.93855378611783 1.00000000000000
2055.99212564469781 1063.61261219903827 -0.92380992531462 1.00000000000000
2056.11932039132807 1063.45710142096505 -0.89518943783334 1.00000000000000
2056.25020898436196 1063.30607820721343 -0.86579284000585 1.00000000000000
2056.38555198546965 1063.15990010974929 -0.83556227486043 1.00000000000000
2056.52467823389452 1063.01854996336624 -0.80498926698521 1.00000000000000
2056.66715912317159 1062.88296863110736 -0.77411632333728 1.00000000000000
2056.81296149815898 1062.75291561568156 -0.74321784463521 1.00000000000000
2056.96213499864098 1062.62804159615189 -0.71230569825390 1.00000000000000
2057.11330270441249 1062.50906346691772 -0.68057485500368 1.00000000000000
2057.26669526263140 1062.39647843176499 -0.64807637657818 1.00000000000000
2057.42250710981898 1062.28920637210831 -0.61413615986950 1.00000000000000
2057.58097808616003 1062.18827083660290 -0.57920076066684 1.00000000000000
2057.74195379065350 1062.09594426350668 -0.54147109909241 1.00000000000000
2057.90441914077383 1062.01114835031331 -0.50166071373835 1.00000000000000
2058.06975694722496 1061.93387702107430 -0.46039631392196 1.00000000000000
2058.23814021609724 1061.86335941497236 -0.41840581782097 1.00000000000000
2058.40944600990042 1061.80013234401122 -0.37619869204906 1.00000000000000
2058.58284100424498 1061.74424219178036 -0.33259326394101 1.00000000000000
2058.75839798303787 1061.69667342025787 -0.28732601231055 1.00000000000000
2058.93572977115400 1061.65719769615680 -0.24209977501581 1.00000000000000
2059.11426353373099 1061.62611811608076 -0.19571459276091 1.00000000000000
2059.29380844277330 1061.60346247116104 -0.14888631119684 1.00000000000000
2059.47440303885378 1061.58966152323410 -0.10135344537268 1.00000000000000
2059.65643085469492 1061.58451490243897 -0.05300986187973 1.00000000000000
2059.83910881861812 1061.58848746540025 -0.00299599147743 1.00000000000000
2060.02180852182209 1061.60155329341069 0.04754503350655 1.00000000000000
2060.20438385300804 1061.62391707720235 0.09944269130728 1.00000000000000
2060.38575838785619 1061.65618397062644 0.15283132823194 1.00000000000000
2060.56562435231172 1061.69771887082607 0.20666210644113 1.00000000000000
2060.74362996988930 1061.74949220847338 0.26144784534734 1.00000000000000
2060.91838499892037 1061.81086813984439 0.31683647086148 1.00000000000000
2061.08900278666988 1061.88163727009669 0.37270349905349 1.00000000000000
2061.25589906377718 1061.96224174182862 0.42869770024172 1.00000000000000
2061.41795114113484 1062.05208656191826 0.48437576315245 1.00000000000000
2061.57402921683388 1062.15059288172051 0.54113903264907 1.00000000000000
2061.72475185513031 1062.25789326569065 0.59730966578218 1.00000000000000
2061.86945966456551 1062.37380766123533 0.65388729495680 1.00000000000000
2062.00741062581073 1062.49795903731138 0.71140061489258 1.00000000000000
2062.13849948270945 1062.63003795221448 0.76798945321177 1.00000000000000
2062.26174221083056 1062.76943284412846 0.82488094325873 1.00000000000000
2062.37749769323273 1062.91659420542419 0.88191876642336 1.00000000000000
2062.48554501391482 1063.07080955943093 0.93851201694013 1.00000000000000
2062.58517398551339 1063.23067957023159 0.99537244027061 1.00000000000000
2062.67612941202242 1063.39704233035445 1.05190105164331 1.00000000000000
2062.75830086274073 1063.56875764857978 1.10695128675362 1.00000000000000
2062.83232419798151 1063.74467866541818 1.16246904505753 1.00000000000000
2062.89689932478359 1063.92597281374037 1.21876421055369 1.00000000000000
2062.95203023892827 1064.11155092343688 1.27323839537660 1.00000000000000
2062.99762851709966 1064.30059278523549 1.32730559829922 1.00000000000000
2063.03367991489358 1064.49227277329192 1.38089579257951 1.00000000000000
2063.05949046346359 1064.68614849727601 1.43374219043193 1.00000000000000
2063.07518986723153 1064.88108142791316 1.48623444085733 1.00000000000000
2063.08097685757093 1065.07696007518098 1.53899659565569 1.00000000000000
2063.07737162755802 1065.27307163737714 1.59087156843737 1.00000000000000
2063.06404161697719 1065.46960627334192 1.64255151549387 1.00000000000000
2063.04227802209789 1065.66605009743944 1.69264864545591 1.00000000000000
2063.01083800836932 1065.86193335149437 1.74158508751507 1.00000000000000
2062.97032227076124 1066.05586300464347 1.79129787311583 1.00000000000000
2062.92091295763385 1066.24871380534023 1.83981127759118 1.00000000000000
2062.89445378881646 1066.34536998486146 1.86250592596991 1.00000000000000
2062.83212687977357 1066.53548896871507 1.90762109085347 1.00000000000000
2062.76146306714509 1066.72242647316307 1.95341470565344 1.00000000000000
2062.68341354152653 1066.90689400583506 1.99763479019219 1.00000000000000
2062.59932611393742 1067.08787580300122 2.03848283051822 1.00000000000000
2062.50874820770696 1067.26606646552682 2.07896462394815 1.00000000000000
2062.41200749110430 1067.44141267705709 2.11791465150166 1.00000000000000
2062.31001080549322 1067.61221489962190 2.15434812911378 1.00000000000000
2062.20312988804653 1067.77935101976618 2.18941746700879 1.00000000000000
2062.09129619243322 1067.94260332593694 2.22415920821999 1.00000000000000
2061.97453139635036 1068.10242000268772 2.25548875930836 1.00000000000000
2061.85465284006204 1068.25902718165889 2.28591504604095 1.00000000000000
2061.73059844353702 1068.41236288798973 2.31478949304105 1.00000000000000
2061.60287866141880 1068.56274179695174 2.34081636205435 1.00000000000000
2061.47159518807894 1068.71032712236047 2.36542006880667 1.00000000000000
2061.33748183981515 1068.85498699359596 2.38889482688693 1.00000000000000
2061.20190080523025 1068.99742954736575 2.40699121330661 1.00000000000000
2061.06430320697837 1069.13797428552061 2.42570902856151 1.00000000000000
2060.92461871099658 1069.27649233536795 2.44165837180302 1.00000000000000
2060.78318597027101 1069.41421018354595 2.45339597881554 1.00000000000000
2060.63963076600339 1069.55174457514659 2.46420293519779 1.00000000000000
2060.49500947579509 1069.68881457578391 2.47252231344575 1.00000000000000
2060.34944940928835 1069.82616145536304 2.47683707002191 1.00000000000000
2060.20222314679995 1069.96511821681634 2.48125213885928 1.00000000000000
2060.05476707511116 1070.10379788465798 2.48442226053280 1.00000000000000
2059.90796346165007 1070.24354407889768 2.48432219575949 1.00000000000000
2059.84205097402446 1070.31971825705841 2.48181855649777 1.00000000000000
2059.76025222626049 1070.38454076973721 2.48426602065505 1.00000000000000
2059.69418473541737 1070.46206085383892 2.48145239792640 1.00000000000000
2059.61153752973769 1070.52772735804319 2.48292190818767 1.00000000000000
2059.54526267596520 1070.60671747336164 2.47940184119236 1.00000000000000
2059.46195365901804 1070.67305399011821 2.48163297388116 1.00000000000000
2059.39558916515671 1070.75245613139123 2.47867889392643 1.00000000000000
2059.31240269268164 1070.81887538591400 2.48051654666176 1.00000000000000
2059.24600550549803 1070.90021328628063 2.47644585661071 1.00000000000000
2059.16213368054014 1070.96753537608311 2.47764006574861 1.00000000000000
2059.09689010516740 1071.05128751508892 2.47238873613397 1.00000000000000
2059.01303150225431 1071.11911283247173 2.47377307324198 1.00000000000000
2058.94690854905639 1071.20352671993896 2.46916999092938 1.00000000000000
2058.86290194565663 1071.27192770177498 2.47063405593717 1.00000000000000
2058.79594753513811 1071.35780484229326 2.46614353220376 1.00000000000000
2058.71091497573070 1071.42742836941034 2.46796754209095 1.00000000000000
2058.64358175313100 1071.51417583087459 2.46287887921513 1.00000000000000
2058.55843902309425 1071.58441909682006 2.46407913835796 1.00000000000000
2058.49044529395178 1071.67195813683793 2.45941882760571 1.00000000000000
2058.40470987500157 1071.74311042390764 2.46122221815736 1.00000000000000
2058.33606184250675 1071.83112305402756 2.45684260639791 1.00000000000000
2058.25029055186315 1071.90274528833106 2.45823637593544 1.00000000000000
2058.18083765869960 1071.99179753335193 2.45319268086173 1.00000000000000
2058.09452932764543 1072.06441341619939 2.45427641206759 1.00000000000000
2058.02498949505389 1072.15416964096949 2.44961426122924 1.00000000000000
2057.93841500778217 1072.22752133337781 2.45085673468579 1.00000000000000
2057.86813185666688 1072.31786351138726 2.44576624080077 1.00000000000000
2057.78103849070612 1072.39227493014187 2.44657852730801 1.00000000000000
2057.70986518438440 1072.48361084191129 2.44153646776877 1.00000000000000
2057.62249313032953 1072.55882039526477 2.44286257853317 1.00000000000000
2057.55019142967649 1072.65069528715685 2.43862350639666 1.00000000000000
2057.46221738291206 1072.72688167588785 2.44009296821652 1.00000000000000
2057.38946167251561 1072.81908992957324 2.43576840523544 1.00000000000000
2057.30144321592525 1072.89586370997131 2.43642475250974 1.00000000000000
2057.22800579771865 1072.98893403168768 2.43195737268030 1.00000000000000
2057.13944380008616 1073.06667197914794 2.43323170051028 1.00000000000000
2057.06501425337046 1073.16031806403771 2.42945262324582 1.00000000000000
2056.97600310330745 1073.23892685258761 2.43038469132238 1.00000000000000
2056.90078961115796 1073.33338282164186 2.42610683641197 1.00000000000000
2056.81117651227396 1073.41303243162110 2.42700806111444 1.00000000000000
2056.73537110525649 1073.50811013951898 2.42294205639172 1.00000000000000
2056.64528722845716 1073.58864603750408 2.42417649719692 1.00000000000000
2056.56764308852144 1073.68377828737721 2.42082883019487 1.00000000000000
2056.47710885689594 1073.76511514233425 2.42180066336964 1.00000000000000
2056.39895244379295 1073.86058410909027 2.41831996049498 1.00000000000000
2056.30775811494095 1073.94287314172834 2.41957644590453 1.00000000000000
2056.22762787621468 1074.03860261105001 2.41687183532277 1.00000000000000
2056.13555962312967 1074.12198300845921 2.41786104008964 1.00000000000000
2056.05511307821143 1074.21822025766596 2.41441265036662 1.00000000000000
2055.96288395300508 1074.30219282023609 2.41496027604302 1.00000000000000
2055.88182447256986 1074.39905127463862 2.41147759067349 1.00000000000000
2055.78913197765360 1074.48392319586128 2.41206284619316 1.00000000000000
2055.70729772851337 1074.58092134352773 2.40895843440895 1.00000000000000
2055.61449251830345 1074.66631036251783 2.40969442490933 1.00000000000000
2055.53118529776111 1074.76370001910254 2.40692593434169 1.00000000000000
2055.43751844763756 1074.85021813167259 2.40778315585900 1.00000000000000
2055.35329996002838 1074.94733181409538 2.40518084374350 1.00000000000000
2055.25926695135422 1075.03447732981294 2.40613195298361 1.00000000000000
2055.17471007187851 1075.13162079220638 2.40397304521588 1.00000000000000
2055.08048793161288 1075.21915890555829 2.40503851493731 1.00000000000000
2054.99510352336802 1075.31626202818006 2.40259129164409 1.00000000000000
2054.90047613310162 1075.40443057008088 2.40344193339276 1.00000000000000
2054.81420358712785 1075.50109068956226 2.40151282761906 1.00000000000000
2054.71915845148033 1075.58982071373612 2.40252424908438 1.00000000000000
2054.63211461470928 1075.68619557097554 2.40116724758120 1.00000000000000
2054.53695303550921 1075.77507630502805 2.40245297651447 1.00000000000000
2054.44836525525898 1075.87189141940325 2.40099201409958 1.00000000000000
2054.35254709608853 1075.96143066370860 2.40213167496645 1.00000000000000
2054.26283381565008 1076.05755089921877 2.40144162966927 1.00000000000000
2054.16661047254456 1076.14734324254096 2.40298564989929 1.00000000000000
2054.07544752117246 1076.24316969234496 2.40206593519342 1.00000000000000
2053.97833588696085 1076.33379029110074 2.40283407145838 1.00000000000000
2053.88668858178426 1076.42998162796721 2.40174393178991 1.00000000000000
2053.78910856728908 1076.52104328665882 2.40268323368331 1.00000000000000
2053.69717363733798 1076.61730369925499 2.40165186164910 1.00000000000000
2053.59955689555500 1076.70858425414190 2.40159722055623 1.00000000000000
2053.50730441813357 1076.80551489768550 2.39923302181542 1.00000000000000
2053.40931928670034 1076.89751846855506 2.39909451701610 1.00000000000000
2053.31671904545510 1076.99529601214454 2.39801455953858 1.00000000000000
2053.21818202338181 1077.08787502767518 2.39922524396306 1.00000000000000
2053.12456397432834 1077.18575420370325 2.39864985030767 1.00000000000000
2053.02517194650136 1077.27915893215686 2.39926631844473 1.00000000000000
2052.93109790654853 1077.37696585431695 2.39776231440949 1.00000000000000
2052.83192921685986 1077.47031528083608 2.39811856073646 1.00000000000000
2052.73721315304283 1077.56720504257828 2.39781026123629 1.00000000000000
2052.63793490116950 1077.66047011688352 2.39942119652558 1.00000000000000
2052.54253130668076 1077.75748833222315 2.39974024428677 1.00000000000000
2052.44268010498490 1077.85101118916646 2.40121652372440 1.00000000000000
2052.34595348109724 1077.94811440631747 2.40083713731307 1.00000000000000
2052.24525669158902 1078.04242113884538 2.40089668027955 1.00000000000000
2052.14900466881227 1078.13968969043344 2.39971786551210 1.00000000000000
2052.04837337008212 1078.23394094360992 2.40061539835513 1.00000000000000
2051.95096878131153 1078.33175493543968 2.40104209868076 1.00000000000000
2051.84955951815937 1078.42648785933852 2.40242946810691 1.00000000000000
2051.75161040254170 1078.52399136265740 2.40207222431914 1.00000000000000
2051.65025113674346 1078.61881139874458 2.40142000650999 1.00000000000000
2051.55168514262186 1078.71625434095040 2.40089150688929 1.00000000000000
2051.44993289292324 1078.81125408830121 2.40227037020566 1.00000000000000
2051.35039048059843 1078.90785659383982 2.40328183991130 1.00000000000000
2051.24841149861459 1079.00273683480918 2.40450596541804 1.00000000000000
2051.14775670191739 1079.09950713999569 2.40423119385127 1.00000000000000
2051.04500828025630 1079.19502513250336 2.40445347844694 1.00000000000000
2050.94365957053378 1079.29218081617728 2.40429159581728 1.00000000000000
2050.84014498518081 1079.38827941659838 2.40513676540625 1.00000000000000
2050.73765473160893 1079.48532731365412 2.40608251618102 1.00000000000000
2050.63350852706935 1079.58166293287650 2.40725057964891 1.00000000000000
2050.53068728162907 1079.67862752173096 2.40757769442938 1.00000000000000
2050.42608404916245 1079.77521498780698 2.40795583628127 1.00000000000000
2050.32235450705048 1079.87268623197451 2.40794925221608 1.00000000000000
2050.21760193945374 1079.96929075522348 2.40837823230669 1.00000000000000
2050.11419698700774 1080.06684263609350 2.40845493053732 1.00000000000000
2050.00911695713876 1080.16362758120522 2.40906918373929 1.00000000000000
2049.90511497092666 1080.26097301626578 2.40960443993165 1.00000000000000
2049.79954389098566 1080.35793907893822 2.41060572287566 1.00000000000000
2049.69518657907611 1080.45499749202281 2.41110291857558 1.00000000000000
2049.58938912290614 1080.55191088793799 2.41193864591473 1.00000000000000
2049.48476156225661 1080.64878006279469 2.41239286130447 1.00000000000000
2049.37905354279792 1080.74539451068267 2.41303825932878 1.00000000000000
2049.27392223000061 1080.84248352469876 2.41361059642916 1.00000000000000
2049.16758757166099 1080.93942568637431 2.41427520376504 1.00000000000000
2049.06291911005974 1081.03680597292259 2.41448350747177 1.00000000000000
2048.95649331284221 1081.13368920702487 2.41493365554066 1.00000000000000
2048.85165703162784 1081.23111135605723 2.41496501671198 1.00000000000000
2048.74522410833742 1081.32786176959053 2.41558629495910 1.00000000000000
2048.64010533539113 1081.42469919892028 2.41599264508222 1.00000000000000
2048.53423772833776 1081.52073262212798 2.41675020516028 1.00000000000000
2048.42945706075989 1081.61691623879597 2.41708700542305 1.00000000000000
2048.32341835170519 1081.71292404923588 2.41762844279920 1.00000000000000
2048.21871512301732 1081.80866760248318 2.41800275864276 1.00000000000000
2048.11277542979224 1081.90440111234784 2.41860683936316 1.00000000000000
2048.00823180144653 1081.99996572686359 2.41879100744705 1.00000000000000
2047.90260544046760 1082.09527768800035 2.41927240632647 1.00000000000000
2047.79899443738395 1082.19043770898134 2.41885619867869 1.00000000000000
2047.69409897050355 1082.28505735145882 2.41931093447961 1.00000000000000
2047.59059840638656 1082.37946538114920 2.41995674510121 1.00000000000000
2047.48597470659297 1082.47358791623265 2.42091133287107 1.00000000000000
2047.38314945274033 1082.56727130571380 2.42153734706164 1.00000000000000
2047.27889031521045 1082.66088459687307 2.42190710608253 1.00000000000000
2047.17715714056976 1082.75424670241773 2.42170648188216 1.00000000000000
2047.07348160829861 1082.84724646015093 2.42215165699829 1.00000000000000
2046.97170681925490 1082.94022992579266 2.42230100631038 1.00000000000000
2046.86810497671831 1083.03305299719796 2.42283465136818 1.00000000000000
2046.76700247579720 1083.12513808486983 2.42283108397294 1.00000000000000
2046.66438418556936 1083.21698010526597 2.42331927939442 1.00000000000000
2046.56289879977703 1083.30865291366354 2.42357100058680 1.00000000000000
2046.46011450747028 1083.40048136468977 2.42424548653911 1.00000000000000
2046.35969658102840 1083.49143018340692 2.42439585730157 1.00000000000000
2046.25808723969385 1083.58210524171591 2.42479764052513 1.00000000000000
2046.15837806748459 1083.67219207808375 2.42500555907055 1.00000000000000
2046.05734859732911 1083.76224753586575 2.42534125396209 1.00000000000000
2045.95839619252365 1083.85140981432050 2.42535967464198 1.00000000000000
2045.85811812675092 1083.94072371209040 2.42567268978659 1.00000000000000
2045.75922522123437 1084.02980255195871 2.42561137828774 1.00000000000000
2045.65860665903892 1084.11941301263869 2.42565892403220 1.00000000000000
2045.56077761203051 1084.20770506560802 2.42536521612466 1.00000000000000
2045.46120588562917 1084.29634957620874 2.42579044611172 1.00000000000000
2045.36354644235689 1084.38447292800993 2.42596855835197 1.00000000000000
2045.26425129617564 1084.47281497623771 2.42626978554260 1.00000000000000
2045.16707732522627 1084.56024223985150 2.42641138443616 1.00000000000000
2045.06855153280776 1084.64777349680662 2.42698930200417 1.00000000000000
2044.97138989070663 1084.73433388257399 2.42754372635029 1.00000000000000
2044.87307606881950 1084.82149075809866 2.42815547092908 1.00000000000000
2044.77621353935683 1084.90785813517869 2.42846991726173 1.00000000000000
2044.67824257543543 1084.99462766340002 2.42854922870431 1.00000000000000
2044.58291159116197 1085.08091052155942 2.42872257983352 1.00000000000000
2044.48565359681379 1085.16691992571577 2.42929227667034 1.00000000000000
2044.39107688271906 1085.25331883924082 2.42905797406510 1.00000000000000
2044.29409337189281 1085.33906115312129 2.42936210958237 1.00000000000000
2044.19948376051616 1085.42476230347529 2.42948946469816 1.00000000000000
2044.10288495605346 1085.51005214964971 2.43009576396931 1.00000000000000
2044.00880794308614 1085.59510195953771 2.43047917516665 1.00000000000000
2043.91306468361290 1085.67940636957064 2.43159617829885 1.00000000000000
2043.81862372567412 1085.76388292666525 2.43222193495947 1.00000000000000
2043.72261822479777 1085.84816412394866 2.43318016674477 1.00000000000000
2043.62888712441782 1085.93275155453011 2.43365318189619 1.00000000000000
2043.53311534988461 1086.01661235047504 2.43443900086857 1.00000000000000
2043.43990861531347 1086.10056356806308 2.43486213213553 1.00000000000000
2043.34438570472412 1086.18395822122693 2.43588279584253 1.00000000000000
2043.25097355863545 1086.26720378920436 2.43644678292152 1.00000000000000
2043.15578473382629 1086.35008662007749 2.43725059602306 1.00000000000000
2043.06312072719447 1086.43314228253439 2.43750977735420 1.00000000000000
2042.96811645152047 1086.51569259865209 2.43819816699254 1.00000000000000
2042.87556059949566 1086.59862781642005 2.43849626172528 1.00000000000000
2042.78047569742193 1086.68098945496604 2.43977667942551 1.00000000000000
2042.68818443280179 1086.76280021294951 2.44016748473601 1.00000000000000
2042.59367046511034 1086.84443416353315 2.44124363946955 1.00000000000000
2042.50189961481374 1086.92598854191601 2.44207255972492 1.00000000000000
2042.40774809732102 1087.00704061612487 2.44300063944154 1.00000000000000
2042.31633902259637 1087.08821465214714 2.44337958971255 1.00000000000000
2042.22234698547982 1087.16890035429969 2.44426493909187 1.00000000000000
2042.13148222229211 1087.24980622483417 2.44441199007928 1.00000000000000
2042.03777255932800 1087.33007350564003 2.44529074478093 1.00000000000000
2041.94637333275750 1087.41106402128935 2.44576664021539 1.00000000000000
2041.85210605955217 1087.49154076911509 2.44705440997742 1.00000000000000
2041.76017871126533 1087.57267825864255 2.44800212800411 1.00000000000000
2041.66547191183781 1087.65320978267118 2.44917192808218 1.00000000000000
2041.57292215112830 1087.73420455493033 2.44959282801225 1.00000000000000
2041.47794627095573 1087.81463010655716 2.45109127408057 1.00000000000000
2041.38495287200203 1087.89508600905538 2.45229349104151 1.00000000000000
2041.28947055991739 1087.97553998557851 2.45372162209420 1.00000000000000
2041.19615384895587 1088.05626884615049 2.45438347046854 1.00000000000000
2041.10052449395880 1088.13658832013607 2.45514259384465 1.00000000000000
2041.00719421624672 1088.21785699995235 2.45535346033551 1.00000000000000
2040.91117859660881 1088.29827087745070 2.45642744247421 1.00000000000000
2040.81682888063369 1088.37943218182772 2.45704783021421 1.00000000000000
2040.72033144952729 1088.45999216986820 2.45810197964206 1.00000000000000
2040.62515661527868 1088.54107377445325 2.45899814692857 1.00000000000000
2040.52823433728190 1088.62161112762988 2.46047355936559 1.00000000000000
2040.43261870031711 1088.70225168671459 2.46154850789850 1.00000000000000
2040.33535918127745 1088.78266270505264 2.46301952059562 1.00000000000000
2040.23948275746079 1088.86292680539191 2.46385085966735 1.00000000000000
2040.14196398411877 1088.94326304225251 2.46467269387291 1.00000000000000
2040.04544950195123 1089.02390295593068 2.46569924123757 1.00000000000000
2039.94696198776364 1089.10465876571834 2.46700382912533 1.00000000000000
2039.84943864634261 1089.18503883527592 2.46786996272338 1.00000000000000
2039.75053149735322 1089.26584716187790 2.46870214663323 1.00000000000000
2039.65323258168064 1089.34660889208317 2.46931976562579 1.00000000000000
2039.55389779421967 1089.42750882683322 2.47020047110099 1.00000000000000
2039.45654747425579 1089.50812695175409 2.47097276090648 1.00000000000000
2039.35717992438003 1089.58870861632749 2.47236385707293 1.00000000000000
2039.25967282353668 1089.66894072340801 2.47338821997346 1.00000000000000
2039.16025388415437 1089.74923453386873 2.47441191607318 1.00000000000000
2039.06227244448382 1089.82975718379021 2.47494152562627 1.00000000000000
2038.96228393726051 1089.91025571804494 2.47586089480771 1.00000000000000
2038.86354988242965 1089.99095078324899 2.47688463217833 1.00000000000000
2038.76312734914245 1090.07139554712921 2.47844195507213 1.00000000000000
2038.66307674779091 1090.15145276254043 2.47963146336366 1.00000000000000
2038.56221293436829 1090.23192940885201 2.48035950027731 1.00000000000000
2038.46213563985657 1090.31220767740160 2.48084215180347 1.00000000000000
2038.36118773760973 1090.39255818631500 2.48130139432959 1.00000000000000
2038.26106669800356 1090.47291441122070 2.48209258145534 1.00000000000000
2038.15936094243079 1090.55350369028747 2.48360848571424 1.00000000000000
2038.05943007115275 1090.63365485891700 2.48482982559918 1.00000000000000
2037.95761148049496 1090.71394478203729 2.48619549494638 1.00000000000000
2037.85702574905008 1090.79405780695379 2.48686745102537 1.00000000000000
2037.75440532853827 1090.87465127417818 2.48798568031250 1.00000000000000
2037.65331955917645 1090.95519879600033 2.48866750478270 1.00000000000000
2037.55010930396384 1091.03593703731894 2.48992565741591 1.00000000000000
2037.44903992442414 1091.11652555316687 2.49079240512949 1.00000000000000
2037.34573232819093 1091.19705441035330 2.49166814545370 1.00000000000000
2037.24476582149509 1091.27852275269106 2.49212368429464 1.00000000000000
2037.14100211951882 1091.35910379746929 2.49347676431472 1.00000000000000
2037.03934940777253 1091.44007211551070 2.49436240993538 1.00000000000000
2036.93541133526014 1091.52045602770522 2.49555706064636 1.00000000000000
2036.83420257118996 1091.60108185838908 2.49582914115111 1.00000000000000
2036.73054904560558 1091.68104309123009 2.49662348347086 1.00000000000000
2036.62955997872632 1091.76117729023099 2.49732109080677 1.00000000000000
2036.52613859181292 1091.84062181506306 2.49875087429124 1.00000000000000
2036.42540428938810 1091.92037206236273 2.49945860622357 1.00000000000000
2036.32218503998592 1091.99941699253395 2.50028311340398 1.00000000000000
2036.22200069448445 1092.07889177789912 2.50043702614915 1.00000000000000
2036.11898717476288 1092.15756513923407 2.50142103279291 1.00000000000000
2036.01887266535778 1092.23683567857370 2.50200817058428 1.00000000000000
2035.91592230420792 1092.31517045479268 2.50337138674950 1.00000000000000
2035.81521551415790 1092.39413516269997 2.50415619915697 1.00000000000000
2035.71205466880929 1092.47229869337752 2.50549263669082 1.00000000000000
2035.61174106609542 1092.55011190380901 2.50613403953555 1.00000000000000
2035.50931097584544 1092.62749324925244 2.50680696059005 1.00000000000000
2035.40991469786968 1092.70588994631544 2.50713629463785 1.00000000000000
2035.30789748532698 1092.78269949276000 2.50838070501716 1.00000000000000
2035.20888006768655 1092.86095008533448 2.50876874106347 1.00000000000000
2035.10715309937950 1092.93733076658100 2.50975490979525 1.00000000000000
2035.00877767696511 1093.01551389601082 2.50989941613475 1.00000000000000
2034.90729661996011 1093.09154735459015 2.51072590906887 1.00000000000000
2034.80892931926064 1093.16876245569438 2.51082770502159 1.00000000000000
2034.70774437452201 1093.24438535515219 2.51188692395787 1.00000000000000
2034.61043058318319 1093.32051315065473 2.51246229660686 1.00000000000000
2034.51022523432039 1093.39512769691646 2.51383779147022 1.00000000000000
2034.41316328581888 1093.47075893776491 2.51462344986892 1.00000000000000
2034.31326540524606 1093.54483055835590 2.51593112842878 1.00000000000000
2034.21698086615652 1093.61905574100092 2.51635861830180 1.00000000000000
2034.11825715773739 1093.69198622740805 2.51756011044494 1.00000000000000
2034.02177063788986 1093.76587136788294 2.51821671398900 1.00000000000000
2033.92261861322913 1093.83882029633969 2.51956830940636 1.00000000000000
2033.82708723563701 1093.91186563065276 2.52024041435218 1.00000000000000
2033.72878409572877 1093.98389417305589 2.52156906138943 1.00000000000000
2033.63307851215359 1094.05627196654677 2.52240342053333 1.00000000000000
2033.53506484872196 1094.12775029987097 2.52382695906911 1.00000000000000
2033.44053979509044 1094.19906033994630 2.52472940541517 1.00000000000000
2033.34342696954263 1094.26952119264752 2.52633056695515 1.00000000000000
2033.24865793943172 1094.33939452143386 2.52772384503143 1.00000000000000
2033.15185217425460 1094.40917013073340 2.52958814620162 1.00000000000000
2033.05766182130901 1094.47859542025253 2.53111187776705 1.00000000000000
2032.96153700485593 1094.54741912009194 2.53284669212618 1.00000000000000
2032.86801099032164 1094.61574729438871 2.53396485662089 1.00000000000000
2032.77249708148884 1094.68374554906040 2.53536428982983 1.00000000000000
2032.67902779858559 1094.75117575656623 2.53678232995810 1.00000000000000
2032.58364310901379 1094.81863662973046 2.53852131547315 1.00000000000000
2032.49089758523041 1094.88585987407714 2.53978295630051 1.00000000000000
2032.39562715060310 1094.95284615689889 2.54131845722162 1.00000000000000
2032.30404479807476 1095.01897749537602 2.54212009082275 1.00000000000000
2032.20989794214256 1095.08485525660217 2.54343613656901 1.00000000000000
2032.11923428130103 1095.14987471187487 2.54440857855387 1.00000000000000
2032.02619238238549 1095.21462533995509 2.54601934744955 1.00000000000000
2031.93607838271419 1095.27908214926720 2.54728712014283 1.00000000000000
2031.84316878177924 1095.34336551837623 2.54885759643787 1.00000000000000
2031.75399061036296 1095.40675745625049 2.55018882222561 1.00000000000000
2031.66207399824634 1095.46998245269060 2.55161621290412 1.00000000000000
2031.57363269501366 1095.53260051505640 2.55259927409332 1.00000000000000
2031.48256386007415 1095.59493086487055 2.55382568267076 1.00000000000000
2031.39482574956492 1095.65703979739919 2.55461274896784 1.00000000000000
2031.30450012488291 1095.71854940475896 2.55612257547678 1.00000000000000
2031.21738499205094 1095.77943579852581 2.55710913902142 1.00000000000000
2031.12748040759470 1095.84030313510448 2.55893574878259 1.00000000000000
2031.04116438038182 1095.90038815606385 2.56032845441881 1.00000000000000
2030.95176116656512 1095.96049308218062 2.56236152821813 1.00000000000000
2030.86629724211525 1096.01949025830254 2.56408276007229 1.00000000000000
2030.77771274978295 1096.07857097405940 2.56619121726315 1.00000000000000
2030.69296704337467 1096.13652761140838 2.56781797014997 1.00000000000000
2030.60536309564486 1096.19449388561770 2.56981816940501 1.00000000000000
2030.52155510999728 1096.25165496207774 2.57123715112541 1.00000000000000
2030.43456788687035 1096.30879576550797 2.57313373113377 1.00000000000000
2030.35099093394820 1096.36477875942364 2.57486827737625 1.00000000000000
2030.26455971930409 1096.42110708309337 2.57678444698396 1.00000000000000
2030.09624460217310 1096.53152901446447 2.58000410130762 1.00000000000000
2029.92850760102738 1096.64137993101031 2.58355891105241 1.00000000000000
2029.76279903319664 1096.74940903438255 2.58665008173160 1.00000000000000
2029.59734377311543 1096.85550665808842 2.58952420153279 1.00000000000000
2029.43793033633847 1096.95698760403320 2.59341418191399 1.00000000000000
2029.27905373962130 1097.05705740163103 2.59740436204893 1.00000000000000
2029.11865638324525 1097.15658157365397 2.60088902400245 1.00000000000000
2028.95990713499486 1097.25532624823973 2.60473712902474 1.00000000000000
2028.80216617777478 1097.35311604198068 2.60751830084136 1.00000000000000
2028.64601370115997 1097.44986662361771 2.61047286082558 1.00000000000000
2028.49106200900860 1097.54468494234607 2.61392084966533 1.00000000000000
2028.33836810634239 1097.63743618410081 2.61627294188832 1.00000000000000
2028.18731285701506 1097.72889163857326 2.61914973322960 1.00000000000000
2028.03759717196226 1097.81867184489965 2.62180308375448 1.00000000000000
2027.88991255470319 1097.90615345118567 2.62408007539576 1.00000000000000
2027.74544622120447 1097.99142424995080 2.62709215510963 1.00000000000000
2027.60541271808324 1098.07416030159220 2.62926434437935 1.00000000000000
2027.47083976742579 1098.15426199091598 2.63043482248605 1.00000000000000
2027.34041212580632 1098.23138859309256 2.63253760464214 1.00000000000000
2027.21473752323072 1098.30465471930802 2.63516764419686 1.00000000000000
2027.09325063636061 1098.37487803632393 2.63784821069962 1.00000000000000
2026.97482762206346 1098.44224969204515 2.64015385973950 1.00000000000000
2026.86107517103665 1098.50753038469702 2.64168295392847 1.00000000000000
2026.75320160412230 1098.56923787482083 2.64363515593075 1.00000000000000
2026.65015512495302 1098.62739224545658 2.64621087144352 1.00000000000000
2026.55330026929732 1098.68182290252298 2.64812269574845 1.00000000000000
2026.46149820985738 1098.73240232327953 2.65031696100686 1.00000000000000
2026.33747270243475 1098.80124609172344 2.65337514683398 1.00000000000000
2026.22193933476228 1098.86447491450235 2.65550198106647 1.00000000000000
2026.12394149741158 1098.91843824088573 2.65792325217239 1.00000000000000
2026.03439348278334 1098.96722370758653 2.65930726363729 1.00000000000000
2025.93844986153999 1099.01948542427272 2.66178590612863 1.00000000000000
2025.84400837967405 1099.06983403069898 2.66400701956832 1.00000000000000
