2039.89766595326364 1097.48601380456239 1.75701694874131 1.00000000000000
2039.91651092772372 1097.38520793570206 1.75719136611437 1.00000000000000
2039.93453932408011 1097.28582729073241 1.75762844988955 1.00000000000000
2039.95371493051061 1097.17747161164880 1.75792896303242 1.00000000000000
2039.97146084939595 1097.07724826131016 1.75824711783203 1.00000000000000
2039.99088379711611 1096.96691951341927 1.75854521751955 1.00000000000000
2040.01207216113107 1096.84722085203975 1.75880893664570 1.00000000000000
2040.02944888849743 1096.74865322606638 1.75848604426657 1.00000000000000
2040.05312745482661 1096.61312341876328 1.75852143431979 1.00000000000000
2040.07152025843970 1096.50792816281319 1.75831950419707 1.00000000000000
2040.09135100222193 1096.39229713426903 1.75815325985173 1.00000000000000
2040.11121534241829 1096.27748633082956 1.75786641562280 1.00000000000000
2040.13244101940654 1096.15240085218102 1.75748479422548 1.00000000000000
2040.15386924019549 1096.02742003835738 1.75744155434527 1.00000000000000
2040.17626564978855 1095.89348667021841 1.75665311884627 1.00000000000000
2040.19902346335584 1095.75982286361977 1.75645312304220 1.00000000000000
2040.22236151096877 1095.61737482296303 1.75594795483794 1.00000000000000
2040.24620424245950 1095.47505962569267 1.75509701115422 1.00000000000000
2040.27039428649005 1095.32412967039272 1.75469976642857 1.00000000000000
2040.28642378118820 1095.22256758157164 1.75353349417421 1.00000000000000
2040.30292030645069 1095.11898280214518 1.75232576309419 1.00000000000000
2040.31940109981224 1095.01449671434239 1.75193069477635 1.00000000000000
2040.33617892756592 1094.90722706913948 1.75177512127663 1.00000000000000
2040.35322165896650 1094.79890689812601 1.75071803220748 1.00000000000000
2040.37066778109875 1094.68870889069512 1.75010780050542 1.00000000000000
2040.38799430790823 1094.57757276901975 1.74977284706871 1.00000000000000
2040.40575330524007 1094.46446990035474 1.74936269023786 1.00000000000000
2040.42356028192444 1094.35041423095390 1.74887591851054 1.00000000000000
2040.44140156649519 1094.23450171900913 1.74832807291436 1.00000000000000
2040.45960299787112 1094.11780219804496 1.74759305100470 1.00000000000000
2040.47794233076274 1093.99908651923761 1.74739057088358 1.00000000000000
2040.49653231934644 1093.87933642696589 1.74694902759499 1.00000000000000
2040.51522361481329 1093.75772729935125 1.74620063482643 1.00000000000000
2040.53383570007281 1093.63513828953728 1.74566539581177 1.00000000000000
2040.55250057380181 1093.51152616972104 1.74510559505596 1.00000000000000
2040.57136130664730 1093.38607467152178 1.74435204509400 1.00000000000000
2040.59054154373007 1093.25953443907201 1.74383368831044 1.00000000000000
2040.60982237011194 1093.13204768439755 1.74334949938250 1.00000000000000
2040.62947660411010 1093.00291450368240 1.74314112647842 1.00000000000000
2040.64938199019525 1092.87263235542923 1.74299269886945 1.00000000000000
2040.66948835831136 1092.74048164673150 1.74233395898623 1.00000000000000
2040.68960927601438 1092.60724686319008 1.74182311150467 1.00000000000000
2040.70991725678323 1092.47307247621939 1.74156456091027 1.00000000000000
2040.73046370095108 1092.33692961419001 1.74132786203249 1.00000000000000
2040.75143011845648 1092.19884299812838 1.74107371957399 1.00000000000000
2040.77239021484274 1092.05991137307137 1.74077241142367 1.00000000000000
2040.79329593817238 1091.91988365119323 1.74028885045721 1.00000000000000
2040.81438686279580 1091.77797611150891 1.73986746972750 1.00000000000000
2040.83556065487210 1091.63532074261457 1.73916504456124 1.00000000000000
2040.85737414739560 1091.49168311059475 1.73881188873094 1.00000000000000
2040.87902612605831 1091.34685795754194 1.73882711165068 1.00000000000000
2040.90039200009778 1091.20070667099208 1.73839259885408 1.00000000000000
2040.92219191603363 1091.05320118181407 1.73781516393084 1.00000000000000
2040.94377543171868 1090.90463625127450 1.73743779501369 1.00000000000000
2040.96580234769499 1090.75526855187491 1.73706754690647 1.00000000000000
2040.98780243960209 1090.60373859759420 1.73649459855230 1.00000000000000
2041.01003961684182 1090.45146669587120 1.73602140736641 1.00000000000000
2041.03230377373984 1090.29801632976159 1.73542901479917 1.00000000000000
2041.05449056439102 1090.14388793846592 1.73507382376145 1.00000000000000
2041.07671079912689 1089.98968386463821 1.73432393925543 1.00000000000000
2041.09914501709864 1089.83371313475072 1.73391646432200 1.00000000000000
2041.12184895365499 1089.67672547418624 1.73422185289065 1.00000000000000
2041.14445253362646 1089.51865046331659 1.73321856700744 1.00000000000000
2041.16693439311348 1089.35982044832781 1.73285499002804 1.00000000000000
2041.18935979541857 1089.19991237157956 1.73291695281418 1.00000000000000
2041.21191467979224 1089.03901932016015 1.73231980018620 1.00000000000000
2041.23479030246381 1088.87634078552946 1.73147176594868 1.00000000000000
2041.25768712657737 1088.71374756051227 1.73080335879470 1.00000000000000
2041.28037037758622 1088.54999773483723 1.73038845551948 1.00000000000000
2041.30338086443953 1088.38540269201621 1.72964939714268 1.00000000000000
2041.32639775238931 1088.21968466183171 1.72930983742783 1.00000000000000
2041.34967843675986 1088.05304110748693 1.72916364690687 1.00000000000000
2041.37271645193687 1087.88558062445372 1.72859743774154 1.00000000000000
2041.39569240226410 1087.71700890315697 1.72803572230968 1.00000000000000
2041.41897862742189 1087.54841475887224 1.72777025455638 1.00000000000000
2041.44211087888107 1087.37887579808012 1.72708809580759 1.00000000000000
2041.46515163942240 1087.20825509307906 1.72649270021759 1.00000000000000
2041.48777017055545 1087.03757990058511 1.72595128721521 1.00000000000000
2041.51075394666987 1086.86595007311553 1.72519086886670 1.00000000000000
2041.53356861136854 1086.69516223203391 1.72479585833955 1.00000000000000
2041.55644654459320 1086.52547552669421 1.72456511243571 1.00000000000000
2041.57893827045336 1086.35564192617312 1.72413911249600 1.00000000000000
2041.60137718764599 1086.18688209541142 1.72366790354847 1.00000000000000
2041.62379071570467 1086.01815667795017 1.72339908291861 1.00000000000000
2041.64557961694663 1085.85152645967901 1.72300064262982 1.00000000000000
2041.66706864436856 1085.68575577903539 1.72204782310791 1.00000000000000
2041.68794602260459 1085.52122841123492 1.72145431588443 1.00000000000000
2041.70887207705528 1085.35856067342684 1.72122570115971 1.00000000000000
2041.72985361696919 1085.19838753342628 1.72094463481920 1.00000000000000
2041.75014523701975 1085.03908296860754 1.72039159987684 1.00000000000000
2041.77005334128626 1084.88080315478146 1.72018260185575 1.00000000000000
2041.78926637704717 1084.72455361345783 1.71968268462908 1.00000000000000
2041.80879140237812 1084.56942275771871 1.71915218020057 1.00000000000000
2041.82771506276913 1084.41642327513546 1.71894980432487 1.00000000000000
2041.84630791982636 1084.26640680385754 1.71830938201416 1.00000000000000
2041.86435620620614 1084.11844363296404 1.71736816605631 1.00000000000000
2041.88193405256607 1083.97250756621361 1.71706328922447 1.00000000000000
2041.89891413482837 1083.82860252913088 1.71632644979869 1.00000000000000
2041.91582839435432 1083.68697517132387 1.71583155486973 1.00000000000000
2041.93253226322122 1083.54737220797688 1.71543457864730 1.00000000000000
2041.94870671816170 1083.41061828657985 1.71469209956950 1.00000000000000
2041.96462442690972 1083.27591240312904 1.71426556126244 1.00000000000000
2041.98022911010776 1083.14321922138333 1.71456429526726 1.00000000000000
2041.99610820156522 1083.01243944186717 1.71432168309478 1.00000000000000
2042.01184505119454 1082.88284649979323 1.71392260000110 1.00000000000000
2042.02719028550200 1082.75599860167131 1.71383246397020 1.00000000000000
2042.04227324994281 1082.63130369363353 1.71359633306684 1.00000000000000
2042.05738354747882 1082.50765110831708 1.71340072040842 1.00000000000000
2042.07170137000503 1082.38692855183035 1.71313582389964 1.00000000000000
2042.08579951658612 1082.26819795183837 1.71287415115891 1.00000000000000
2042.09960763598792 1082.15139372088015 1.71264053273165 1.00000000000000
2042.11330441531027 1082.03577640652657 1.71329654853328 1.00000000000000
2042.12678122712532 1081.92217046301812 1.71495190131729 1.00000000000000
2042.14022994850529 1081.80963607784361 1.71703401335883 1.00000000000000
2042.15376284439117 1081.69929123623297 1.72040550446600 1.00000000000000
2042.16726962936809 1081.59000162873417 1.72536290686644 1.00000000000000
2042.18113534519216 1081.48277224833146 1.73075798845342 1.00000000000000
2042.19498805352487 1081.37686649989337 1.73659766894973 1.00000000000000
2042.20916199131170 1081.27285585179925 1.74327828770174 1.00000000000000
2042.22342675609980 1081.17014165036380 1.75022874141435 1.00000000000000
2042.23817304952536 1081.07057279394940 1.75739132469841 1.00000000000000
2042.26228130230447 1080.92358467960730 1.77001985454798 1.00000000000000
2042.28333100827876 1080.78171871602535 1.78140891998043 1.00000000000000
2042.30838146829046 1080.64272891404107 1.79468962335074 1.00000000000000
2042.32959918421693 1080.50888308882713 1.80663039827930 1.00000000000000
2042.35544700641185 1080.37800574861467 1.82054221340717 1.00000000000000
2042.37667200528085 1080.25237404042855 1.83303395613075 1.00000000000000
2042.40320065390551 1080.13109647808596 1.84732326690244 1.00000000000000
2042.42421296436805 1080.01488789357245 1.85985939466731 1.00000000000000
2042.45060490147443 1079.90240279817954 1.87382455297999 1.00000000000000
2042.47048948111478 1079.79382745875046 1.88531616820604 1.00000000000000
2042.49701344256755 1079.68980833096430 1.89942000562390 1.00000000000000
2042.51660945895128 1079.58973019570112 1.91027482491439 1.00000000000000
2042.54308843135368 1079.49323870195076 1.92457089036231 1.00000000000000
2042.57409666338935 1079.36882154922932 1.94156871765454 1.00000000000000
2042.60599058895605 1079.24900829838589 1.95892177377976 1.00000000000000
2042.63852896483149 1079.13309842441231 1.97602119866799 1.00000000000000
2042.67268457950559 1079.01995146693662 1.99483477892488 1.00000000000000
2042.70867545390502 1078.90797574957833 2.01392143596595 1.00000000000000
2042.74585904343985 1078.79866721015424 2.03385275395177 1.00000000000000
2042.78366181009915 1078.69342792034149 2.05465283289830 1.00000000000000
2042.82317376002902 1078.58955496270210 2.07594608238777 1.00000000000000
2042.86321683920687 1078.48926646402106 2.09780522319895 1.00000000000000
2042.90468506945763 1078.39151881448925 2.12064590767540 1.00000000000000
2042.94693019002443 1078.29653087584302 2.14293504399337 1.00000000000000
2042.99444196769036 1078.18509162915871 2.16977735350364 1.00000000000000
2043.04895040724659 1078.08140530902892 2.19943956148109 1.00000000000000
2043.09548263542820 1077.98278255574405 2.22666495212309 1.00000000000000
2043.15091249626130 1077.88933273870498 2.25823457819978 1.00000000000000
2043.20381251850631 1077.79393018875271 2.28990139233551 1.00000000000000
2043.27422317909077 1077.69429893838242 2.32779919936125 1.00000000000000
2043.33380908833351 1077.61218158341944 2.35812912880921 1.00000000000000
2043.39925943547860 1077.52800143510103 2.38968862660000 1.00000000000000
2043.47016429796349 1077.44282232364640 2.42236162761980 1.00000000000000
2043.54657458013389 1077.35698187956586 2.45637454720293 1.00000000000000
2043.62992005457636 1077.27049724664539 2.49184747216738 1.00000000000000
2043.71989407937508 1077.18403087882325 2.52843091111195 1.00000000000000
2043.81479216984008 1077.09893444646150 2.56599877884453 1.00000000000000
2043.91785166272894 1077.01426190743223 2.60515150636239 1.00000000000000
2044.02662293455796 1076.93172256043181 2.64392481816821 1.00000000000000
2044.10568579134997 1076.87003289302811 2.67193536260714 1.00000000000000
2044.19748229568359 1076.81489308783785 2.70434500878175 1.00000000000000
2044.28195216832682 1076.75766447838396 2.73332888436065 1.00000000000000
2044.37869941978715 1076.70707320375368 2.76575044677596 1.00000000000000
2044.46770708053373 1076.65507102478296 2.79515816195668 1.00000000000000
2044.56920425698627 1076.61062236828730 2.82842881786869 1.00000000000000
2044.66244519618340 1076.56478840252385 2.85830307243811 1.00000000000000
2044.76784339873120 1076.52669720072299 2.89196996935319 1.00000000000000
2044.86413215001812 1076.48756119795144 2.92229551092519 1.00000000000000
2044.97282127616927 1076.45664221141487 2.95677915602471 1.00000000000000
2045.07240374572575 1076.42449279641733 2.98740534512587 1.00000000000000
2045.18255425308598 1076.40110407490283 3.02107525334783 1.00000000000000
2045.28218889399432 1076.37691194703802 3.05242846455645 1.00000000000000
2045.39120465016458 1076.36158466292545 3.08584408066324 1.00000000000000
2045.49047849269118 1076.34413637826219 3.11577629234024 1.00000000000000
2045.59675744618289 1076.33604233385995 -3.13476861140282 1.00000000000000
2045.73132277233526 1076.32900777645409 -3.09215194761614 1.00000000000000
2045.86306713952217 1076.32849054178223 -3.05558601821188 1.00000000000000
2045.99110263830516 1076.33325992571190 -3.02351943495321 1.00000000000000
2046.11606638447847 1076.34344671806321 -2.99700596987727 1.00000000000000
2046.23976785293780 1076.35880397306755 -2.97476876181535 1.00000000000000
2046.36339167924598 1076.37919992348179 -2.95782188331156 1.00000000000000
2046.48790325678419 1076.40415212837979 -2.94663762420267 1.00000000000000
2046.61594371404499 1076.43401469476521 -2.94054629688462 1.00000000000000
2046.74680300545879 1076.46849236777052 -2.93617023126178 1.00000000000000
2046.84599137899932 1076.50050516659394 -2.93240341220332 1.00000000000000
2046.95335353072733 1076.52916965493932 -2.93260850595178 1.00000000000000
2047.05747306661215 1076.56760928779840 -2.92995413951059 1.00000000000000
2047.16904698032886 1076.59948994312435 -2.93201492498988 1.00000000000000
2047.27734198735561 1076.64283771580085 -2.92926505827232 1.00000000000000
2047.39263903070241 1076.67796582914889 -2.93032733814350 1.00000000000000
2047.50312593509443 1076.72631723387167 -2.92351373562931 1.00000000000000
2047.62286562868394 1076.76467029470950 -2.92023425708827 1.00000000000000
2047.73859797895420 1076.81784619763494 -2.90931339984437 1.00000000000000
2047.86173301818781 1076.85993622243404 -2.90358247986340 1.00000000000000
2047.97970409842674 1076.91655743680894 -2.89205427429974 1.00000000000000
2048.10688666638453 1076.96215683314949 -2.88662461920612 1.00000000000000
2048.22893370856764 1077.02219713339582 -2.87519126795633 1.00000000000000
2048.35845672292635 1077.07052436703816 -2.87012889595349 1.00000000000000
2048.48364896478597 1077.13351416587830 -2.85917063388511 1.00000000000000
2048.61559159855824 1077.18433214770630 -2.85531352955649 1.00000000000000
2048.74266135704238 1077.24853486428037 -2.84598804484453 1.00000000000000
2048.87854080530815 1077.30162343755364 -2.84220868514052 1.00000000000000
2049.01140407717321 1077.36851035477594 -2.83401950203341 1.00000000000000
2049.10353598033544 1077.40944256819785 -2.82994200428278 1.00000000000000
2049.19630789809162 1077.45067333756015 -2.82673699987622 1.00000000000000
2049.29117676091846 1077.49226615577936 -2.82377767336521 1.00000000000000
2049.38692654308397 1077.53466936200857 -2.82033406815684 1.00000000000000
2049.48456155345775 1077.57752570742741 -2.81741351334560 1.00000000000000
2049.58328435709700 1077.62076259823516 -2.81451760593587 1.00000000000000
2049.68290612369310 1077.66395575040951 -2.81179425495692 1.00000000000000
2049.78343634464545 1077.70743465097621 -2.80944035938412 1.00000000000000
2049.88503960822709 1077.75089371996000 -2.80759503042355 1.00000000000000
2049.98769003374036 1077.79476396320388 -2.80561574601258 1.00000000000000
2050.09223500592634 1077.83906219201162 -2.80375027386250 1.00000000000000
2050.19789284910075 1077.88367818901315 -2.80249203413233 1.00000000000000
2050.30427450174466 1077.92813880788162 -2.80160938678531 1.00000000000000
2050.41192719619721 1077.97257302142680 -2.80021594737267 1.00000000000000
2050.52050700905966 1078.01732625393197 -2.79884090645511 1.00000000000000
2050.63015144364908 1078.06193283619359 -2.79844908062172 1.00000000000000
2050.74004520830931 1078.10617772443220 -2.79798954779341 1.00000000000000
2050.85099716746481 1078.15050543798134 -2.79735942923447 1.00000000000000
2050.96298426092835 1078.19479347346351 -2.79717679550457 1.00000000000000
2051.07612845429685 1078.23882762063295 -2.79712218854635 1.00000000000000
2051.19108213006984 1078.28336958633736 -2.79682317588810 1.00000000000000
2051.30636352417059 1078.32735765026882 -2.79670036236210 1.00000000000000
2051.42271377274301 1078.37110844161361 -2.79782049131832 1.00000000000000
2051.53949167003157 1078.41429234668612 -2.79797281395770 1.00000000000000
2051.65723130072001 1078.45734352804720 -2.79741288028193 1.00000000000000
2051.77616992569529 1078.50029400875792 -2.79852156030884 1.00000000000000
2051.89604641275946 1078.54344204254448 -2.79986164364071 1.00000000000000
2052.01620557426941 1078.58598661189899 -2.80083049958857 1.00000000000000
2052.13766132475575 1078.62786806467921 -2.80147661663435 1.00000000000000
2052.25932159856893 1078.66942784050480 -2.80234987524933 1.00000000000000
2052.38213526603067 1078.71053698472679 -2.80345177177734 1.00000000000000
2052.50596751226112 1078.75201467843726 -2.80331608594958 1.00000000000000
2052.63074076466728 1078.79352177027613 -2.80360075026800 1.00000000000000
2052.75638976751361 1078.83532379288226 -2.80445464228031 1.00000000000000
2052.88218150823377 1078.87691682251170 -2.80507814792580 1.00000000000000
2053.00808511720970 1078.91799303423613 -2.80668775331153 1.00000000000000
2053.13518101931550 1078.95878793904558 -2.80771072150717 1.00000000000000
2053.26257029222324 1078.99944517202675 -2.80822871525652 1.00000000000000
2053.38989471906098 1079.03996372967958 -2.80871172293782 1.00000000000000
2053.51744782220339 1079.08006026875228 -2.81062911252285 1.00000000000000
2053.64614254701883 1079.11950816214085 -2.81174232930082 1.00000000000000
2053.77525211474858 1079.15816401969641 -2.81288597740751 1.00000000000000
2053.90556001028745 1079.19642501231283 -2.81546419874192 1.00000000000000
2054.03498547605705 1079.23426333349198 -2.81753219310177 1.00000000000000
2054.16351882339222 1079.27181108249351 -2.81827049509468 1.00000000000000
2054.28936002153205 1079.30876591941342 -2.82061726646909 1.00000000000000
2054.41413421509787 1079.34541217330843 -2.82210751725527 1.00000000000000
2054.53330447210465 1079.38024677755311 -2.82311406693503 1.00000000000000
2054.65265830454882 1079.41445796703920 -2.82482155166921 1.00000000000000
2054.77375020936597 1079.44895621482283 -2.82661784875058 1.00000000000000
2054.89307665033266 1079.48310225969180 -2.82730984532876 1.00000000000000
2055.01163708150852 1079.51646819524467 -2.82862671439155 1.00000000000000
2055.12914040486794 1079.54960806388408 -2.83021999724925 1.00000000000000
2055.24559835082619 1079.58196236565709 -2.83124722400517 1.00000000000000
2055.36138883559033 1079.61393096623942 -2.83197741980389 1.00000000000000
2055.47600711288396 1079.64596718037501 -2.83310611776468 1.00000000000000
2055.58977002318716 1079.67717249318957 -2.83456186287499 1.00000000000000
2055.70258742163423 1079.70796915283427 -2.83581761308242 1.00000000000000
2055.81359145801980 1079.73797732125968 -2.83793721995841 1.00000000000000
2055.92358875513310 1079.76718741841614 -2.83965511683730 1.00000000000000
2056.03270389937097 1079.79590301867574 -2.84074951518852 1.00000000000000
2056.14510947081726 1079.82555591408163 -2.84242934753030 1.00000000000000
2056.25138245651033 1079.85340745560825 -2.84390396540745 1.00000000000000
2056.35645152244251 1079.88070803275332 -2.84524702164098 1.00000000000000
2056.45505316829076 1079.90617020847276 -2.84615919281343 1.00000000000000
2056.55245762207778 1079.93132737651467 -2.84806683736217 1.00000000000000
2056.65080437896540 1079.95682707615197 -2.85065439091428 1.00000000000000
2056.75010768900393 1079.98288206523284 -2.84979283430543 1.00000000000000
2056.84852333698655 1080.00901518948376 -2.85075258849332 1.00000000000000
2056.94689365650993 1080.03554097982123 -2.85266832287716 1.00000000000000
2057.04419505153783 1080.06171213602647 -2.85114193232193 1.00000000000000
2057.18469651002670 1080.09986697416753 -2.85159679656246 1.00000000000000
2057.30867065209895 1080.13080647028983 -2.85254995776406 1.00000000000000
2057.41035076603293 1080.15697693824768 -2.85189864050198 1.00000000000000
2057.51410071825376 1080.18084181798622 -2.85373805067469 1.00000000000000
2057.61352220189292 1080.19914332684129 -2.85557909252106 1.00000000000000
