-191.05277799966279 1300.36492104083300 1.15153092314586 1.00000000000000
-191.00765841139946 1300.46777992276475 1.15184281789203 1.00000000000000
-190.95867494400591 1300.57655866444111 1.15261983108800 1.00000000000000
-190.91111271164846 1300.68117679096758 1.15344280333975 1.00000000000000
-190.86790291679790 1300.77624519029632 1.15401639760635 1.00000000000000
-190.82031394576188 1300.88056104024872 1.15487094993403 1.00000000000000
-190.76835288794246 1300.99408809794113 1.15565775158671 1.00000000000000
-190.72628240450285 1301.08647171780467 1.15644036679996 1.00000000000000
-190.68309213791508 1301.18111301539466 1.15721952685026 1.00000000000000
-190.63678228552453 1301.28317831037566 1.15810850338756 1.00000000000000
-190.58957431325689 1301.38695011893287 1.15906239893568 1.00000000000000
-190.53921006945893 1301.49823124101385 1.16008499073512 1.00000000000000
-190.48750933900010 1301.61227962281555 1.16121273947518 1.00000000000000
-190.43324097455479 1301.73293673293665 1.16248238175776 1.00000000000000
-190.37822585331742 1301.85529590351507 1.16383832138808 1.00000000000000
-190.32057527190773 1301.98397275293246 1.16528321015730 1.00000000000000
-190.26275961264037 1302.11326563265175 1.16642335576834 1.00000000000000
-190.20212858315790 1302.24933286849409 1.16795723986140 1.00000000000000
-190.16107528534485 1302.34153739130124 1.16841614995069 1.00000000000000
-190.11920576728880 1302.43545658932999 1.16898419829983 1.00000000000000
-190.07654122431995 1302.53105357941240 1.16983446857004 1.00000000000000
-190.03354549728101 1302.62788853514940 1.17031752663350 1.00000000000000
-189.98983616102487 1302.72660660790280 1.17080308985321 1.00000000000000
-189.94551319128368 1302.82718557724729 1.17192336492861 1.00000000000000
-189.90025524655357 1302.92956794286147 1.17232914918040 1.00000000000000
-189.85410837910604 1303.03379128687084 1.17267229655751 1.00000000000000
-189.80736775207333 1303.13983916491270 1.17388829865116 1.00000000000000
-189.75999388244236 1303.24758360907435 1.17461586848464 1.00000000000000
-189.71195737516973 1303.35644268197939 1.17476423715982 1.00000000000000
-189.66320586437359 1303.46696999948472 1.17550102051043 1.00000000000000
-189.61360940616578 1303.57934598764405 1.17623455394435 1.00000000000000
-189.56389109801967 1303.69257620675489 1.17689227129235 1.00000000000000
-189.51373060152400 1303.80685565108433 1.17752736627799 1.00000000000000
-189.46301581303123 1303.92204807372764 1.17784390205565 1.00000000000000
-189.41211279242998 1304.03812730731443 1.17851131691136 1.00000000000000
-189.36089253460523 1304.15460886573419 1.17922382551503 1.00000000000000
-189.30959559808252 1304.27120308345184 1.17982948514840 1.00000000000000
-189.25829171831720 1304.38799998909235 1.18029451098802 1.00000000000000
-189.20677333569620 1304.50550009310246 1.18080998394334 1.00000000000000
-189.15538275882136 1304.62295635556802 1.18149146504582 1.00000000000000
-189.10406520857941 1304.74026104668155 1.18204370880067 1.00000000000000
-189.05246700980933 1304.85797193087637 1.18242060362587 1.00000000000000
-189.00081017467892 1304.97654451848939 1.18282699283038 1.00000000000000
-188.94868724350818 1305.09567906428128 1.18348554122622 1.00000000000000
-188.89662131282967 1305.21514784637839 1.18405171140649 1.00000000000000
-188.84456870751455 1305.33520974824205 1.18445956175681 1.00000000000000
-188.79248610441573 1305.45520413341001 1.18499033159084 1.00000000000000
-188.74000530346530 1305.57531349640340 1.18524337163176 1.00000000000000
-188.68743481411366 1305.69616880733520 1.18580172865478 1.00000000000000
-188.63501336635090 1305.81708558322862 1.18642077140804 1.00000000000000
-188.58226075477432 1305.93871964234859 1.18684806935750 1.00000000000000
-188.52951337315608 1306.06046945787966 1.18753758608827 1.00000000000000
-188.47654775599949 1306.18287456454709 1.18803962401390 1.00000000000000
-188.42367927182931 1306.30537969712168 1.18849674911287 1.00000000000000
-188.37074688530993 1306.42798293428496 1.18864998466408 1.00000000000000
-188.31780730839819 1306.55132569558918 1.18915604300164 1.00000000000000
-188.26466582843568 1306.67476823506877 1.18955247357054 1.00000000000000
-188.21139682724606 1306.79900005040690 1.18973402143417 1.00000000000000
-188.15797436877619 1306.92323541129008 1.18992107708744 1.00000000000000
-188.10480111162178 1307.04689510446042 1.19036723052857 1.00000000000000
-188.05170816468308 1307.16994471196085 1.19071576704343 1.00000000000000
-187.99881734058727 1307.29292127629742 1.19050512357146 1.00000000000000
-187.94608035788406 1307.41502153221518 1.19080816693383 1.00000000000000
-187.89351596951019 1307.53688973514363 1.19086739429973 1.00000000000000
-187.84132814267650 1307.65811346657574 1.19101203221390 1.00000000000000
-187.78942501533311 1307.77897342760116 1.19107710321941 1.00000000000000
-187.73772755032405 1307.89871645579115 1.19111340350525 1.00000000000000
-187.68661202827934 1308.01749310642481 1.19115009987627 1.00000000000000
-187.63583331904374 1308.13560738414526 1.19105347383125 1.00000000000000
-187.58519565343158 1308.25294461194426 1.19095160146599 1.00000000000000
-187.53516536287498 1308.36909289937466 1.19127243365976 1.00000000000000
-187.48529306909768 1308.48495239764452 1.19162198301153 1.00000000000000
-187.43599391169846 1308.59969179891050 1.19132388134234 1.00000000000000
-187.38703174563125 1308.71346707502380 1.19149934000914 1.00000000000000
-187.33849129214650 1308.82654284825549 1.19213861111320 1.00000000000000
-187.29027312831022 1308.93886423297226 1.19199735548236 1.00000000000000
-187.24186934565660 1309.05103456368670 1.19160459331185 1.00000000000000
-187.19373761990573 1309.16298121167347 1.19207531850305 1.00000000000000
-187.14585608767811 1309.27414420479909 1.19210883711502 1.00000000000000
-187.09840534662362 1309.38484033849090 1.19157098005461 1.00000000000000
-187.05047324666521 1309.49635941861197 1.19190409037032 1.00000000000000
-187.00264609919395 1309.60791378840804 1.19195459191570 1.00000000000000
-186.95478352066129 1309.71954558836296 1.19146754289025 1.00000000000000
-186.90668940660544 1309.83107351744547 1.19152547783163 1.00000000000000
-186.85877849016106 1309.94286019448191 1.19211344126243 1.00000000000000
-186.81069333211053 1310.05467222724110 1.19177770939025 1.00000000000000
-186.76256524788914 1310.16644045524299 1.19171430636400 1.00000000000000
-186.71451083826832 1310.27857473213226 1.19253237063337 1.00000000000000
-186.66596556315199 1310.39171769376844 1.19254029280746 1.00000000000000
-186.61733239085879 1310.50522322393954 1.19182336116685 1.00000000000000
-186.56833506980911 1310.61922687944025 1.19254334078276 1.00000000000000
-186.51890419289703 1310.73411521455273 1.19271912936351 1.00000000000000
-186.46907534287311 1310.84985365113243 1.19207057379616 1.00000000000000
-186.41899093880784 1310.96662095189095 1.19270639921291 1.00000000000000
-186.36864848760888 1311.08400976145640 1.19267880111425 1.00000000000000
-186.31815376027953 1311.20148167945445 1.19205907999665 1.00000000000000
-186.26733764843084 1311.31971368473023 1.19228655583357 1.00000000000000
-186.21642789558973 1311.43790622195229 1.19280194666931 1.00000000000000
-186.16566223208793 1311.55603014118969 1.19253617819530 1.00000000000000
-186.11459833843401 1311.67408065451309 1.19228819313734 1.00000000000000
-186.06414436246268 1311.79217970278114 1.19281185653454 1.00000000000000
-186.01326374302153 1311.91025458090007 1.19275463509976 1.00000000000000
-185.96261266106740 1312.02815134404227 1.19262935806379 1.00000000000000
-185.91226874245331 1312.14490023255348 1.19253972406849 1.00000000000000
-185.86227275745478 1312.26103476714343 1.19255704162657 1.00000000000000
-185.81251046800753 1312.37685920437798 1.19265167525094 1.00000000000000
-185.76311658637132 1312.49169415468350 1.19243393326641 1.00000000000000
-185.71408511884511 1312.60574618680403 1.19214735493447 1.00000000000000
-185.66497975174570 1312.72033913154155 1.19237250440610 1.00000000000000
-185.61555605335161 1312.83525130106136 1.19211582454547 1.00000000000000
-185.56579562649131 1312.95091796061024 1.19186547264106 1.00000000000000
-185.51585521060042 1313.06655444065109 1.19164285391114 1.00000000000000
-185.46600509685231 1313.18288297438994 1.19215577722694 1.00000000000000
-185.41563139931532 1313.30054925987497 1.19205355101647 1.00000000000000
-185.36517030152027 1313.41853754315525 1.19127169793131 1.00000000000000
-185.31402379844803 1313.53771400963888 1.19054549010200 1.00000000000000
-185.26248847634997 1313.65825013164431 1.18925873561820 1.00000000000000
-185.21030016080476 1313.77885742252693 1.18657572588481 1.00000000000000
-185.15751659544185 1313.89991414546967 1.18263935795974 1.00000000000000
-185.10412183403969 1314.02083627181128 1.17800144045396 1.00000000000000
-185.05043161241338 1314.14095452707261 1.17254080679431 1.00000000000000
-184.99583442817675 1314.26017850823700 1.16616188709953 1.00000000000000
-184.94048433558783 1314.37866756971925 1.15878124793209 1.00000000000000
-184.88439269212540 1314.49561522295699 1.15005923567385 1.00000000000000
-184.82784172910033 1314.61070747114718 1.14104248146997 1.00000000000000
-184.77099792042281 1314.72358839726076 1.13241897077446 1.00000000000000
-184.71406149212271 1314.83421010617167 1.12345881632682 1.00000000000000
-184.65648815571330 1314.94342137360945 1.11462700484508 1.00000000000000
-184.59835833986290 1315.05104458658025 1.10560630432265 1.00000000000000
-184.53929658094421 1315.15703863278031 1.09593467944756 1.00000000000000
-184.47983496042434 1315.26100741326809 1.08678627925501 1.00000000000000
-184.41994165175129 1315.36298596393317 1.07722949314802 1.00000000000000
-184.35941786115291 1315.46348586864769 1.06698024750638 1.00000000000000
-184.29840642772615 1315.56236183224246 1.05723096489191 1.00000000000000
-184.23683062754571 1315.65965754725039 1.04745453808146 1.00000000000000
-184.17444293876179 1315.75536008318886 1.03747793593707 1.00000000000000
-184.11153448687401 1315.84959491947666 1.02719383213521 1.00000000000000
-184.04825430363417 1315.94214278552681 1.01691154919043 1.00000000000000
-183.98465649451828 1316.03318440588191 1.00619281490154 1.00000000000000
-183.92031734797638 1316.12278029369190 0.99491089911822 1.00000000000000
-183.85489121568389 1316.21148548973724 0.98336483947723 1.00000000000000
-183.78887289052363 1316.29849519161507 0.97171724187505 1.00000000000000
-183.72242838004604 1316.38425480714068 0.96063166455464 1.00000000000000
-183.65507227100898 1316.46900814212859 0.94860851639185 1.00000000000000
-183.58681446092669 1316.55216034967452 0.93576774533311 1.00000000000000
-183.51761746959528 1316.63451181957498 0.92391861631715 1.00000000000000
-183.44741209177300 1316.71596956625581 0.91182637265180 1.00000000000000
-183.37592618429335 1316.79638198483735 0.89870141460769 1.00000000000000
-183.30344568029977 1316.87594825867563 0.88588804145811 1.00000000000000
-183.23004127305467 1316.95413997629657 0.87297050300558 1.00000000000000
-183.15639939298853 1317.03054369287565 0.85995283471145 1.00000000000000
-183.08238505502231 1317.10509132873267 0.84736739792047 1.00000000000000
-183.00984199065715 1317.17606052709743 0.83500645787579 1.00000000000000
-182.90415824693628 1317.27915633795783 0.81693132119003 1.00000000000000
-182.79232097161002 1317.37680031964555 0.79762448703921 1.00000000000000
-182.68464717711322 1317.47428782470524 0.78049070075392 1.00000000000000
-182.57421493774746 1317.56342613976449 0.76185705665813 1.00000000000000
-182.46845426061191 1317.65252745850012 0.74617211366237 1.00000000000000
-182.36026528774528 1317.73395721660927 0.72880634778062 1.00000000000000
-182.25660214852542 1317.81596953189000 0.71387279007847 1.00000000000000
-182.15191594685894 1317.88948184624314 0.69756741026106 1.00000000000000
-182.05163603427354 1317.96338956337422 0.68305586907603 1.00000000000000
-181.95104538160376 1318.02918886672705 0.66781064581723 1.00000000000000
-181.85478852747474 1318.09562922734767 0.65424684009711 1.00000000000000
-181.75895778584527 1318.15447240555659 0.63979884390660 1.00000000000000
-181.66798415535595 1318.21365369902924 0.62713342368569 1.00000000000000
-181.57816163136158 1318.26517532253638 0.61385007512722 1.00000000000000
-181.49275703990133 1318.31747119221836 0.60236306829819 1.00000000000000
-181.38230056012981 1318.37973252171651 0.58664848595725 1.00000000000000
-181.27704890299356 1318.43682682048529 0.57177951174897 1.00000000000000
-181.17543844855390 1318.49002128047869 0.55802027252255 1.00000000000000
-181.07868603669340 1318.53918948629871 0.54487764647032 1.00000000000000
-180.98762927018106 1318.58378457464278 0.53286477923044 1.00000000000000
-180.88024181756191 1318.63296584272757 0.51840453846753 1.00000000000000
-180.77370813541347 1318.68385878484696 0.50563230549951 1.00000000000000
-180.67930818779860 1318.72422652319074 0.49304530471068 1.00000000000000
-180.57777326670475 1318.76693366840482 0.47935687785116 1.00000000000000
-180.46966565167531 1318.81155869364738 0.46483708811286 1.00000000000000
-180.36889749485999 1318.84944467339665 0.44975157531548 1.00000000000000
-180.26705741998740 1318.88945036614314 0.43417758407387 1.00000000000000
-180.16076386719942 1318.92781531671062 0.41714291981739 1.00000000000000
-180.06538825924508 1318.96165782725438 0.40220951603942 1.00000000000000
-179.96530026837718 1318.99552978994325 0.38654281204866 1.00000000000000
-179.86439748108387 1319.02825215272605 0.37009592651125 1.00000000000000
-179.75883521710057 1319.06059648049995 0.35312363697433 1.00000000000000
-179.64849344431423 1319.09260396705940 0.33530016070487 1.00000000000000
-179.53654468676541 1319.12301902705804 0.31717399150238 1.00000000000000
-179.43967229261762 1319.14823113754392 0.30124288907604 1.00000000000000
-179.33816988416947 1319.17114936048165 0.28458467980361 1.00000000000000
-179.23633821058320 1319.19422549987212 0.26844031896418 1.00000000000000
-179.13230962958187 1319.21362007642165 0.25023474719677 1.00000000000000
-179.02512908226345 1319.23367642238736 0.23192570597696 1.00000000000000
-178.91401598940138 1319.25030727125704 0.21213086290484 1.00000000000000
-178.80039558093995 1319.26745005324483 0.19315781573196 1.00000000000000
-178.68458705686498 1319.28007451770827 0.17188704617833 1.00000000000000
-178.56337824929506 1319.29331190139055 0.15054419644789 1.00000000000000
-178.46119179483503 1319.30143990600482 0.13210000784116 1.00000000000000
-178.35553959215758 1319.30793912522495 0.11276100560876 1.00000000000000
-178.24469239549944 1319.31274987943470 0.09303229510586 1.00000000000000
-178.12882450385951 1319.31555054057389 0.07247223225574 1.00000000000000
-178.00875298242318 1319.31576589960605 0.05064254815689 1.00000000000000
-177.88352345459862 1319.31322327814996 0.02793431124048 1.00000000000000
-177.75343486218480 1319.30750892544165 0.00408134457922 1.00000000000000
-177.65319910313701 1319.29972488014027 -0.01493277356353 1.00000000000000
-177.55019567848649 1319.29277952713892 -0.03297257165220 1.00000000000000
-177.44433816726087 1319.28081668354571 -0.05328475195047 1.00000000000000
-177.33639597357251 1319.26934243459255 -0.07283455932243 1.00000000000000
-177.22528839774895 1319.25254066428170 -0.09357669479709 1.00000000000000
-177.11094006558415 1319.23603482311592 -0.11400011573530 1.00000000000000
-176.99415632867021 1319.21355055086315 -0.13572088817867 1.00000000000000
-176.87469877261901 1319.19115087902173 -0.15672753728912 1.00000000000000
-176.75326484243851 1319.16233147634193 -0.17987620303271 1.00000000000000
-176.62954494066071 1319.13333935989067 -0.20255922131791 1.00000000000000
-176.50370797194773 1319.09695989312604 -0.22638711893557 1.00000000000000
-176.37651670770720 1319.06075402069837 -0.24930369163960 1.00000000000000
-176.24799151637126 1319.01781780319288 -0.27328510982480 1.00000000000000
-176.11845455050934 1318.97505517536774 -0.29525945953828 1.00000000000000
-175.98819297895534 1318.92559581995010 -0.31935768683633 1.00000000000000
-175.85780607804190 1318.87627608794719 -0.34100723267784 1.00000000000000
-175.72806436446263 1318.82141992356628 -0.36485998454789 1.00000000000000
-175.59734619036317 1318.76523763313890 -0.38733226592893 1.00000000000000
-175.46658521203790 1318.70192568423226 -0.41198264474768 1.00000000000000
-175.33466053014854 1318.63742410065606 -0.43554307966361 1.00000000000000
-175.20427617622772 1318.56671957764775 -0.46076290739731 1.00000000000000
-175.07314514811151 1318.49443578533828 -0.48503910896106 1.00000000000000
-174.98614059039392 1318.44274639058858 -0.50207184902428 1.00000000000000
-174.89958320243750 1318.38996485061944 -0.51839046650220 1.00000000000000
-174.81469586351886 1318.33622354222462 -0.53459657752484 1.00000000000000
-174.73091667075641 1318.28100223047659 -0.55138259144691 1.00000000000000
-174.60873452783562 1318.19508848991245 -0.57620079792347 1.00000000000000
-174.48810336319730 1318.10944074532017 -0.59966970112768 1.00000000000000
-174.37260806804989 1318.02035980718210 -0.62281229907242 1.00000000000000
-174.25980104040354 1317.93227029964328 -0.64538263659456 1.00000000000000
-174.15353980619693 1317.84173632739112 -0.66770228453065 1.00000000000000
-174.05015084333718 1317.75301933102310 -0.68924495808666 1.00000000000000
-173.95276990556158 1317.66238523786888 -0.71050778352462 1.00000000000000
-173.85810057813069 1317.57323017343879 -0.73170346558382 1.00000000000000
-173.76990070799366 1317.48237298848107 -0.75248060875289 1.00000000000000
-173.68378702137852 1317.39420789526775 -0.77235957318454 1.00000000000000
-173.60320951126050 1317.30438412912190 -0.79203215282458 1.00000000000000
-173.52374692814192 1317.21629555337131 -0.81076477125285 1.00000000000000
-173.44988247501897 1317.12737743789330 -0.82969246377716 1.00000000000000
-173.37709896592423 1317.04048611223698 -0.84754324059328 1.00000000000000
-173.30940662126523 1316.95231819991022 -0.86622640937925 1.00000000000000
-173.24277981766500 1316.86655045626685 -0.88376462716356 1.00000000000000
-173.18125155800954 1316.77940351283178 -0.90265356622448 1.00000000000000
-173.11872485431377 1316.69238481484354 -0.92141205690013 1.00000000000000
-173.06015340203885 1316.60295263957232 -0.94064110590756 1.00000000000000
-172.99970666749869 1316.51174679724500 -0.96090152933151 1.00000000000000
-172.94260022859089 1316.41657976713032 -0.98276781720513 1.00000000000000
-172.88390257261926 1316.31892068823799 -1.00545732565439 1.00000000000000
-172.82820185762830 1316.21563442889601 -1.02947528424431 1.00000000000000
-172.77081084303791 1316.10918019106612 -1.05332114455352 1.00000000000000
-172.71648120530881 1315.99662154121324 -1.07858594989659 1.00000000000000
-172.66109954199055 1315.88069995306432 -1.10344185462639 1.00000000000000
-172.61029742006212 1315.75972671061754 -1.12946675029096 1.00000000000000
-172.55943588784430 1315.63694468978792 -1.15421395869917 1.00000000000000
-172.51519000506960 1315.51319646649063 -1.17999473529606 1.00000000000000
-172.47106011176948 1315.38942029699683 -1.20417588905500 1.00000000000000
-172.43364602705697 1315.26543311309069 -1.22872706254354 1.00000000000000
-172.39703272783663 1315.14333316916600 -1.25212054733318 1.00000000000000
-172.36765440535964 1315.02355998614803 -1.27573765614962 1.00000000000000
-172.33867270557676 1314.90664923610166 -1.29847451978246 1.00000000000000
-172.31641851051245 1314.79158975789323 -1.32126877216351 1.00000000000000
-172.29397725570016 1314.67862121062353 -1.34316132105508 1.00000000000000
-172.27780949173030 1314.56743475282565 -1.36503392525641 1.00000000000000
-172.26096596207935 1314.45732304546982 -1.38611187038932 1.00000000000000
-172.25036429468310 1314.34868947369978 -1.40791262220470 1.00000000000000
-172.23877098190133 1314.24156392412260 -1.42865924457167 1.00000000000000
-172.23351362597896 1314.13528079539537 -1.45085878806504 1.00000000000000
-172.22695301997010 1314.02845880528912 -1.47220053578826 1.00000000000000
-172.22612910240423 1313.92100863624364 -1.49417011192258 1.00000000000000
-172.22412699251436 1313.81405505351722 -1.51528453188054 1.00000000000000
-172.22820974036586 1313.70758053008467 -1.53827441402319 1.00000000000000
-172.23095336882398 1313.60070625785738 -1.55983841067908 1.00000000000000
-172.23957105394220 1313.49174292478710 -1.58289082026091 1.00000000000000
-172.24705156369600 1313.38196309190243 -1.60504737341311 1.00000000000000
-172.26086354412837 1313.27177191385999 -1.62908645752464 1.00000000000000
-172.27397907816339 1313.16012149211019 -1.65179458010723 1.00000000000000
-172.29282142326701 1313.04869235027581 -1.67554529686818 1.00000000000000
-172.31121862668078 1312.93556677736342 -1.69971821521723 1.00000000000000
-172.33586236345582 1312.82240278273821 -1.72391723322464 1.00000000000000
-172.36034555686638 1312.70735095115378 -1.74844695558965 1.00000000000000
-172.39128876250470 1312.59259748226032 -1.77342970189690 1.00000000000000
-172.42201753705740 1312.47662610746920 -1.79815083350313 1.00000000000000
-172.45902961783577 1312.36204639310017 -1.82359410947908 1.00000000000000
-172.49567260267213 1312.24705641716719 -1.84771993038644 1.00000000000000
-172.53812051203568 1312.13460028916597 -1.87243758013925 1.00000000000000
-172.57967942685355 1312.02355259004980 -1.89548568209517 1.00000000000000
-172.62623820704175 1311.91622004192322 -1.91790654489172 1.00000000000000
-172.67083836218808 1311.81213981145993 -1.93984568526920 1.00000000000000
-172.71871452435153 1311.71504480158910 -1.96024992026532 1.00000000000000
-172.76377869676799 1311.62119360035285 -1.97979700194706 1.00000000000000
-172.82467125193216 1311.50678521860391 -2.00402769262055 1.00000000000000
-172.88400545879267 1311.40213232953101 -2.02668521454109 1.00000000000000
-172.94088601972908 1311.30675753299147 -2.04703093450098 1.00000000000000
-172.99419477680931 1311.22178988996893 -2.06522284043593 1.00000000000000
-173.05429763713619 1311.13433184754103 -2.08564336840785 1.00000000000000
-173.11783456034027 1311.04510171897709 -2.10547817586028 1.00000000000000
-173.18311270279810 1310.95552198728547 -2.12230376068558 1.00000000000000
