2057.86663591791876 1068.22958661476150 2.36650538547760 1.00000000000000
2057.83303963497747 1068.32569755753502 2.34909490912761 1.00000000000000
2057.77787827665452 1068.41402406711131 2.33609163575890 1.00000000000000
2057.71217804821208 1068.50359384389594 2.32387137761437 1.00000000000000
2057.65068084612722 1068.59036815678701 2.31055410972881 1.00000000000000
2057.57964977127267 1068.69008995266631 2.29432484914710 1.00000000000000
2057.52273911173688 1068.77619408536702 2.27994186393449 1.00000000000000
2057.45726445986656 1068.86539864726365 2.26720484001083 1.00000000000000
2057.39285261608893 1068.96674038423225 2.25108360874661 1.00000000000000
2057.32044370996300 1069.07097160490230 2.23764736832763 1.00000000000000
2057.25020691496320 1069.18773468025029 2.22150410277768 1.00000000000000
2057.17191782104783 1069.30728237843141 2.21071406564861 1.00000000000000
2057.11982003157027 1069.39320349227637 2.20348582311095 1.00000000000000
2057.06642204831587 1069.48227587528527 2.19613068130912 1.00000000000000
2057.01184396893950 1069.57521688891575 2.18794911573340 1.00000000000000
2056.95634880266152 1069.67143596801907 2.18056232687178 1.00000000000000
2056.89980250800727 1069.77049809135497 2.17323677531419 1.00000000000000
2056.84214426553808 1069.87258609896526 2.16547626807012 1.00000000000000
2056.78380387014477 1069.97769199078903 2.15743260203252 1.00000000000000
2056.72409675276140 1070.08642174256966 2.14947051822386 1.00000000000000
2056.66339668969158 1070.19832386355847 2.14142673924381 1.00000000000000
2056.60166823625332 1070.31300046620890 2.13357028782299 1.00000000000000
2056.53993843088392 1070.43012099899352 2.12539620899876 1.00000000000000
2056.47784990112996 1070.54918428184465 2.11761213830872 1.00000000000000
2056.41530142049305 1070.67134791845456 2.11082411577448 1.00000000000000
2056.35207684698980 1070.79566830629483 2.10466077649658 1.00000000000000
2056.28804669983219 1070.92267207568511 2.09878902352914 1.00000000000000
2056.22358928935137 1071.05178987281397 2.09270307026133 1.00000000000000
2056.15879988169763 1071.18288974603638 2.08707666193729 1.00000000000000
2056.09351955517195 1071.31508794240654 2.08236025915021 1.00000000000000
2056.02695968281478 1071.44948897976428 2.07797394263654 1.00000000000000
2055.95940293907188 1071.58578686183318 2.07425535134138 1.00000000000000
2055.89103960129432 1071.72382036829367 2.07115775325032 1.00000000000000
2055.82206238276558 1071.86394641268998 2.06726895640920 1.00000000000000
2055.75191597366938 1072.00564550049603 2.06318902714504 1.00000000000000
2055.68102455761982 1072.15003321552649 2.05962610702893 1.00000000000000
2055.60918573429808 1072.29651948576793 2.05587797566198 1.00000000000000
2055.53716762497788 1072.44513219315559 2.05232241433648 1.00000000000000
2055.46443276701029 1072.59542964724824 2.04889796724562 1.00000000000000
2055.39124286029255 1072.74765976425260 2.04517601257693 1.00000000000000
2055.31708696793066 1072.90165848191828 2.04251568438517 1.00000000000000
2055.24177780491300 1073.05808985466138 2.03974044208360 1.00000000000000
2055.16569235740462 1073.21566019067541 2.03864267140567 1.00000000000000
2055.08885216992348 1073.37586352555081 2.03741537850829 1.00000000000000
2055.01061746844789 1073.53766557108611 2.03708924271931 1.00000000000000
2054.93171138525940 1073.70064504351467 2.03616639111833 1.00000000000000
2054.85169821255840 1073.86455069435760 2.03688313994542 1.00000000000000
2054.77057205245364 1074.03050607955083 2.03790114445064 1.00000000000000
2054.68865153932711 1074.19731917418540 2.03938594514181 1.00000000000000
2054.60576955421129 1074.36464790347964 2.04115895534293 1.00000000000000
2054.52141888317419 1074.53437404381111 2.04354547812861 1.00000000000000
2054.43566875497345 1074.70486493827775 2.04625369373977 1.00000000000000
2054.34882687480422 1074.87657859735191 2.04924418631444 1.00000000000000
2054.26055705361068 1075.04920595465228 2.05196237742632 1.00000000000000
2054.17099286889425 1075.22311456361786 2.05492393823470 1.00000000000000
2054.08012620353838 1075.39781308546662 2.05692274156624 1.00000000000000
2053.98814519454027 1075.57311307732016 2.05853702704667 1.00000000000000
2053.94044561439659 1075.66188165126368 2.05958263206367 1.00000000000000
2053.84609054203611 1075.83990250201896 2.06085122093492 1.00000000000000
2053.79993055493105 1075.92892948118970 2.06124168256883 1.00000000000000
2053.75110673613381 1076.01877358602360 2.06229194114862 1.00000000000000
2053.70436129748123 1076.10858354670927 2.06288966055246 1.00000000000000
2053.65506608982105 1076.19920448539779 2.06416743817419 1.00000000000000
2053.60792468080763 1076.28934944234788 2.06494428221909 1.00000000000000
2053.55790679168422 1076.38039074046537 2.06632155989430 1.00000000000000
2053.51002515066648 1076.47143234312534 2.06734942296292 1.00000000000000
2053.45986454660306 1076.56279642088339 2.06862136333625 1.00000000000000
2053.41152280906681 1076.65421606507152 2.06960015036473 1.00000000000000
2053.36136831843760 1076.74593594390899 2.07078140854596 1.00000000000000
2053.31295960699208 1076.83708320138976 2.07137777004419 1.00000000000000
2053.26320524432231 1076.92988346936181 2.07187517411232 1.00000000000000
2053.21422902803170 1077.02169084362686 2.07311815428376 1.00000000000000
2053.16400697414065 1077.11528268037364 2.07437703263775 1.00000000000000
2053.11459999298677 1077.20731115387753 2.07604171892789 1.00000000000000
2053.06381105387118 1077.30151854362339 2.07798802130843 1.00000000000000
2053.01353459595703 1077.39436247758567 2.07993084088529 1.00000000000000
2052.96140435402049 1077.48869504174218 2.08143791203433 1.00000000000000
2052.91064267989714 1077.58182800421491 2.08249194332061 1.00000000000000
2052.85769786633318 1077.67632920155302 2.08412786827729 1.00000000000000
2052.80630621447926 1077.76973101170734 2.08642967551187 1.00000000000000
2052.75220034690574 1077.86365320347250 2.08998527881821 1.00000000000000
2052.70021557877772 1077.95689511671662 2.09263643608581 1.00000000000000
2052.64489786757622 1078.05145928915590 2.09498686051677 1.00000000000000
2052.59185031533707 1078.14547768607736 2.09747481500265 1.00000000000000
2052.53573805262567 1078.24013800453395 2.10054271596554 1.00000000000000
2052.48165105062071 1078.33470384404063 2.10350135380457 1.00000000000000
2052.42536354984622 1078.42969668097794 2.10679403569818 1.00000000000000
2052.37058484845329 1078.52414968749508 2.10968177846236 1.00000000000000
2052.31389494461473 1078.61924424627796 2.11234446946034 1.00000000000000
2052.25833885371685 1078.71386684151366 2.11485057947360 1.00000000000000
2052.20110301137902 1078.80952169513330 2.11764039918905 1.00000000000000
2052.14480094867758 1078.90427671745420 2.12008929783389 1.00000000000000
2052.08695922431070 1079.00021542795002 2.12221642329857 1.00000000000000
2052.02998063346604 1079.09504419937730 2.12483350191871 1.00000000000000
2051.97061746323016 1079.19072659080848 2.12818200727180 1.00000000000000
2051.91275738645345 1079.28563405992463 2.13155791590517 1.00000000000000
2051.85270794352982 1079.38101039547473 2.13442204147215 1.00000000000000
2051.79416672006482 1079.47591128945351 2.13669652637125 1.00000000000000
2051.73373187886318 1079.57132237823680 2.13931813662889 1.00000000000000
2051.67458026902750 1079.66602050978690 2.14215203002483 1.00000000000000
2051.61303388141096 1079.76197334844619 2.14526105915510 1.00000000000000
2051.55259113549255 1079.85746294260025 2.14832334264923 1.00000000000000
2051.49088525376283 1079.95469817100093 2.15089416406651 1.00000000000000
2051.42942216579104 1080.05069555202499 2.15345289798927 1.00000000000000
2051.36713798856363 1080.14809022145346 2.15578820181715 1.00000000000000
2051.30501656944398 1080.24393115378916 2.15893528600021 1.00000000000000
2051.24175270227715 1080.34034384833649 2.16193176103891 1.00000000000000
2051.17920657712966 1080.43559428583831 2.16506779029007 1.00000000000000
2051.11580132856034 1080.53152334876359 2.16820833256729 1.00000000000000
2051.05274474865291 1080.62622899562120 2.17154060828624 1.00000000000000
2050.98876201588428 1080.72172531392425 2.17476913925357 1.00000000000000
2050.92511235375423 1080.81600866187364 2.17798267312482 1.00000000000000
2050.86119781981688 1080.91154941963032 2.18080760804141 1.00000000000000
2050.79696385550778 1081.00546581298113 2.18392945043449 1.00000000000000
2050.73218631779309 1081.10062830988318 2.18671427671706 1.00000000000000
2050.66755749011645 1081.19399294862524 2.18951748122498 1.00000000000000
2050.60281395376660 1081.28857890563086 2.19236243722861 1.00000000000000
2050.53799031337257 1081.38107437081635 2.19530711229757 1.00000000000000
2050.47293692617677 1081.47468345426023 2.19766088485887 1.00000000000000
2050.40773461794015 1081.56669994257390 2.20028998197344 1.00000000000000
2050.34260534303030 1081.65929835801944 2.20294631738113 1.00000000000000
2050.27719441719819 1081.75048336852342 2.20619758135740 1.00000000000000
2050.21171690884512 1081.84200143255293 2.20906693730652 1.00000000000000
2050.14637997501995 1081.93194675073028 2.21222914704565 1.00000000000000
2050.08064543857472 1082.02249034075066 2.21488492480337 1.00000000000000
2050.01472267432837 1082.11217222735286 2.21777942740032 1.00000000000000
2049.94914174929727 1082.20287264604121 2.22030631065994 1.00000000000000
2049.88270155410282 1082.29220332298428 2.22339247413855 1.00000000000000
2049.81530472019222 1082.38114823447540 2.22651566968736 1.00000000000000
2049.74869561177911 1082.46962798992172 2.22925540541060 1.00000000000000
2049.68195246264804 1082.55846708081663 2.23163075028085 1.00000000000000
2049.61513875727542 1082.64628115110099 2.23418494176031 1.00000000000000
2049.54762113775359 1082.73437639698386 2.23669202887353 1.00000000000000
2049.48033640644280 1082.82183164125308 2.23949401195259 1.00000000000000
2049.41335535084363 1082.90907968394458 2.24207355764066 1.00000000000000
2049.34630168951117 1082.99526964314282 2.24498233583815 1.00000000000000
2049.27854399080388 1083.08188665984198 2.24789797913496 1.00000000000000
2049.21098905225517 1083.16767694195732 2.25095041101803 1.00000000000000
2049.14366808987688 1083.25380816170946 2.25361150543559 1.00000000000000
2049.07582549168728 1083.33898378536105 2.25650010453950 1.00000000000000
2049.00823114661034 1083.42429657606408 2.25913209400633 1.00000000000000
2048.94027317967266 1083.50863636285067 2.26208985886758 1.00000000000000
2048.87238484580303 1083.59348703501746 2.26477583812869 1.00000000000000
2048.80394671618706 1083.67746938485652 2.26760270116361 1.00000000000000
2048.73564082873054 1083.76140309032053 2.26998907596928 1.00000000000000
2048.66703691426665 1083.84471933636814 2.27256566097740 1.00000000000000
2048.59874075010885 1083.92826541373506 2.27458298613137 1.00000000000000
2048.52987425029278 1084.01114274840802 2.27691110633525 1.00000000000000
2048.46198372362414 1084.09443358518183 2.27905498418368 1.00000000000000
2048.39304876490496 1084.17657443368807 2.28184868886512 1.00000000000000
2048.32452118175570 1084.25891747185960 2.28441928863687 1.00000000000000
2048.25547575810924 1084.34031017124653 2.28728646232233 1.00000000000000
2048.18670821859268 1084.42189488839358 2.28973479151188 1.00000000000000
2048.11760757118464 1084.50244343839586 2.29280176722579 1.00000000000000
2048.04937941883691 1084.58370520453900 2.29581201830525 1.00000000000000
2047.98010547936428 1084.66348876804113 2.29898701586934 1.00000000000000
2047.91143149987329 1084.74375373357907 2.30170648706693 1.00000000000000
2047.84184051526245 1084.82301589846611 2.30442278320230 1.00000000000000
2047.77356013504323 1084.90249494463205 2.30641150534576 1.00000000000000
2047.70400041009998 1084.98097936855629 2.30883314373381 1.00000000000000
2047.63505848962814 1085.05951574956998 2.31112937353029 1.00000000000000
2047.56554416526342 1085.13715079985559 2.31392166257086 1.00000000000000
2047.49642868561205 1085.21531445067376 2.31623630930184 1.00000000000000
2047.42645192134660 1085.29267398081720 2.31903512468636 1.00000000000000
2047.35775184968952 1085.37034448981285 2.32146407744590 1.00000000000000
2047.28763728594640 1085.44703686609864 2.32439857435473 1.00000000000000
2047.21847578452434 1085.52328042546287 2.32714525724810 1.00000000000000
2047.14862945512868 1085.59885066188872 2.32987395625608 1.00000000000000
2047.07951531349681 1085.67428672639653 2.33226821416617 1.00000000000000
2047.00968927948270 1085.74908160185441 2.33476448295562 1.00000000000000
2046.94012271391694 1085.82386863604188 2.33707233501564 1.00000000000000
2046.86989988578716 1085.89829406933859 2.33996478299201 1.00000000000000
2046.79998458322370 1085.97305953921750 2.34250628484906 1.00000000000000
2046.72947396792006 1086.04705821676180 2.34497518585272 1.00000000000000
2046.65925820928533 1086.12101491354406 2.34719219587249 1.00000000000000
2046.58861694019288 1086.19444016600028 2.34967860639286 1.00000000000000
2046.51794673479162 1086.26753651490435 2.35185034087685 1.00000000000000
2046.44705666415393 1086.34055095445365 2.35416528558387 1.00000000000000
2046.37577938893810 1086.41367954015732 2.35613826133286 1.00000000000000
2046.30405140493531 1086.48694538278505 2.35825865975982 1.00000000000000
2046.23228916863445 1086.55927919084206 2.36056486096331 1.00000000000000
2046.16033678816166 1086.63206279138103 2.36315210091403 1.00000000000000
2046.08841393270995 1086.70428634714335 2.36555134980558 1.00000000000000
2046.01630530785769 1086.77652043895796 2.36812390862701 1.00000000000000
2045.94447273365222 1086.84840523498133 2.37044400849159 1.00000000000000
2045.87174031639006 1086.92060261033475 2.37265807889877 1.00000000000000
2045.79912401665933 1086.99267964111641 2.37466540382498 1.00000000000000
2045.72577551368158 1087.06484381714836 2.37701400368204 1.00000000000000
2045.65254957927391 1087.13724201219156 2.37904050716210 1.00000000000000
2045.57862122799270 1087.20937762688845 2.38112134095985 1.00000000000000
2045.50447864551097 1087.28188307303935 2.38289184135312 1.00000000000000
2045.42984712310135 1087.35415392043069 2.38482787574915 1.00000000000000
2045.35565333539853 1087.42667863192037 2.38689842086399 1.00000000000000
2045.28033569874242 1087.49898002063856 2.38930902514627 1.00000000000000
2045.20532667543739 1087.57153816288337 2.39172310216201 1.00000000000000
2045.12934635049896 1087.64379587909207 2.39414262807717 1.00000000000000
2045.05356311384821 1087.71694239275530 2.39599279264719 1.00000000000000
2044.97649445547722 1087.78962670406327 2.39815112681468 1.00000000000000
2044.89983604231384 1087.86278739525005 2.40022428217814 1.00000000000000
2044.82220329181291 1087.93532363930717 2.40288768777515 1.00000000000000
2044.74567467055749 1088.00889242952690 2.40506422508700 1.00000000000000
2044.66774725285359 1088.08099633688107 2.40789064790142 1.00000000000000
2044.59034913056530 1088.15456720720977 2.40972613483240 1.00000000000000
2044.51110129931476 1088.22728357510641 2.41196741973286 1.00000000000000
2044.43353006360121 1088.30106008844450 2.41365653363762 1.00000000000000
2044.35372779984027 1088.37371166516095 2.41580263377344 1.00000000000000
2044.27451049600495 1088.44736923044547 2.41746688028819 1.00000000000000
2044.19424283329863 1088.51985606364906 2.41972149479750 1.00000000000000
2044.11421847791644 1088.59369060024619 2.42174011075540 1.00000000000000
2044.03275246836711 1088.66664151521400 2.42406944630112 1.00000000000000
2043.95195074949879 1088.74049760121852 2.42620868069336 1.00000000000000
2043.86968826275552 1088.81344146421179 2.42904170651440 1.00000000000000
2043.78812134132022 1088.88664630288258 2.43147379955851 1.00000000000000
2043.70563624217175 1088.95904105063528 2.43417484038790 1.00000000000000
2043.62397527421126 1089.03290513204411 2.43580430650972 1.00000000000000
2043.54082025686512 1089.10528044449165 2.43814127195710 1.00000000000000
2043.45834105159156 1089.17900893278420 2.44011854448470 1.00000000000000
2043.37428121914854 1089.25149856600910 2.44280081091986 1.00000000000000
2043.29167332645738 1089.32534797955304 2.44462176362456 1.00000000000000
2043.20685428346042 1089.39787362841889 2.44700858216188 1.00000000000000
2043.12266663589980 1089.47144733462483 2.44892668796343 1.00000000000000
2043.03698725171853 1089.54403982218355 2.45148992472584 1.00000000000000
2042.95226715668105 1089.61762828985229 2.45382426136613 1.00000000000000
2042.86612814594992 1089.68985437927768 2.45681330287714 1.00000000000000
2042.78148916177452 1089.76357297273353 2.45906829870297 1.00000000000000
2042.69455266359728 1089.83568452345207 2.46220532968789 1.00000000000000
2042.60893863881938 1089.90889396285638 2.46489470059783 1.00000000000000
2042.52170331752859 1089.98039514152333 2.46822022269305 1.00000000000000
2042.43539688456804 1090.05356454569846 2.47090763131621 1.00000000000000
2042.34703819581773 1090.12509756488726 2.47433748711203 1.00000000000000
2042.25990014092531 1090.19767400762066 2.47705803615784 1.00000000000000
2042.17103313346161 1090.26874187774956 2.48032700638096 1.00000000000000
2042.08330301445676 1090.34124871669337 2.48298085834234 1.00000000000000
2041.99383651680546 1090.41195760620758 2.48603297220671 1.00000000000000
2041.90506498899776 1090.48324406845495 2.48877401455408 1.00000000000000
2041.81468332029181 1090.55378828058019 2.49207600641790 1.00000000000000
2041.72500511829276 1090.62489144550636 2.49496089718555 1.00000000000000
2041.63397060101852 1090.69506499776617 2.49816575454626 1.00000000000000
2041.54380279663019 1090.76619985885918 2.50117680458993 1.00000000000000
2041.45238403114490 1090.83570888638496 2.50491972120766 1.00000000000000
2041.36171445273794 1090.90628150291741 2.50810963413906 1.00000000000000
2041.26988446083851 1090.97512284014374 2.51179588746671 1.00000000000000
2041.17906694742851 1091.04527536220849 2.51462075503457 1.00000000000000
2041.08669645927148 1091.11359389498830 2.51821518247580 1.00000000000000
2040.99547255289508 1091.18330269772559 2.52110260446756 1.00000000000000
2040.90246044390369 1091.25118585303426 2.52456318007904 1.00000000000000
2040.81096768239513 1091.31999990763143 2.52715719215781 1.00000000000000
2040.71779141330626 1091.38712747907266 2.53064463221266 1.00000000000000
2040.62520153389778 1091.45578078459948 2.53368224146805 1.00000000000000
2040.53131378348917 1091.52250656718388 2.53721811256430 1.00000000000000
2040.43812289403286 1091.59070887975395 2.53995252891155 1.00000000000000
2040.34318618115503 1091.65733089670539 2.54312041377435 1.00000000000000
2040.24934656952973 1091.72498769825324 2.54566385393429 1.00000000000000
2040.15415954357013 1091.79095957009122 2.54883329222456 1.00000000000000
2040.05993311002385 1091.85810817917809 2.55108453302807 1.00000000000000
2039.96438064897666 1091.92362382216379 2.55375323297726 1.00000000000000
2039.86965212679934 1091.99003879306838 2.55583350344043 1.00000000000000
2039.77368904941250 1092.05520599801093 2.55804989112535 1.00000000000000
2039.67874795070384 1092.12126296991482 2.55967475195113 1.00000000000000
2039.58274065126898 1092.18592829117551 2.56168738619998 1.00000000000000
2039.48717235203367 1092.25127054518089 2.56342212930075 1.00000000000000
2039.39079017040785 1092.31565740378574 2.56545443775056 1.00000000000000
2039.29501381330192 1092.38071292964742 2.56697424239011 1.00000000000000
2039.19858988124179 1092.44460942829028 2.56910509901886 1.00000000000000
2039.10308810940478 1092.50961050624028 2.57093410127366 1.00000000000000
2039.00626726634800 1092.57320133782923 2.57335430679780 1.00000000000000
2038.91080224665347 1092.63761229813099 2.57534356740248 1.00000000000000
2038.81401010550326 1092.70060612214729 2.57763389338556 1.00000000000000
2038.71852868865244 1092.76486161770299 2.57861285470516 1.00000000000000
2038.62161692260997 1092.82754434086382 2.58016305833567 1.00000000000000
2038.52607248409186 1092.89210308622569 2.58074370017203 1.00000000000000
2038.42852051032241 1092.95489362441003 2.58217145126554 1.00000000000000
2038.33277484221617 1093.01947078201920 2.58258237643028 1.00000000000000
2038.23521573457401 1093.08202889235690 2.58378937572512 1.00000000000000
2038.13907479017507 1093.14626447390765 2.58398045683080 1.00000000000000
2038.04147513816133 1093.20871619414538 2.58461143408257 1.00000000000000
2037.94519848201890 1093.27264589257538 2.58478139109930 1.00000000000000
2037.84748244530056 1093.33506408752874 2.58528660601262 1.00000000000000
2037.75129689072492 1093.39904562896118 2.58516944194073 1.00000000000000
2037.65356146439444 1093.46140617970377 2.58571520529372 1.00000000000000
2037.55724615865620 1093.52579631283879 2.58576137055958 1.00000000000000
2037.45905925717670 1093.58840852696449 2.58603064417805 1.00000000000000
2037.36304022488184 1093.65355598554015 2.58523377497638 1.00000000000000
2037.26507048076019 1093.71610031416640 2.58527408226161 1.00000000000000
2037.16948803770356 1093.78164328634739 2.58435914314848 1.00000000000000
2037.07148990652058 1093.84429925400764 2.58458284812036 1.00000000000000
2036.97576439223485 1093.90960405766964 2.58407764805013 1.00000000000000
2036.87766934011597 1093.97241185046732 2.58401305003627 1.00000000000000
2036.78188068809686 1094.03744896780699 2.58307619519515 1.00000000000000
2036.68374947842676 1094.10042464733124 2.58276400720781 1.00000000000000
2036.58776251366362 1094.16501299943775 2.58170300522070 1.00000000000000
2036.48954833060270 1094.22819431917742 2.58159867697426 1.00000000000000
2036.39366043894552 1094.29288954334334 2.58135330257790 1.00000000000000
2036.29561066254973 1094.35596114676446 2.58191759027643 1.00000000000000
2036.19986622326542 1094.42080056946725 2.58173269279459 1.00000000000000
2036.10186553082895 1094.48385395528749 2.58189689234929 1.00000000000000
2036.00620624417206 1094.54895956721157 2.58153695698720 1.00000000000000
2035.90822060953360 1094.61192199820653 2.58244737588105 1.00000000000000
2035.81287429714575 1094.67751177959144 2.58268821092434 1.00000000000000
2035.71475996624213 1094.74040116183460 2.58392506939156 1.00000000000000
2035.61925244820304 1094.80546913668513 2.58464350291709 1.00000000000000
2035.52103537158109 1094.86809496441856 2.58653941200136 1.00000000000000
2035.42523484874982 1094.93295607483014 2.58761269022338 1.00000000000000
2035.32686290866695 1094.99524903763086 2.58984234619310 1.00000000000000
2035.23116727243178 1095.05936275096610 2.59141613106444 1.00000000000000
2035.13287831249181 1095.12098919646814 2.59456285843431 1.00000000000000
2035.03686870669480 1095.18463822919875 2.59698396312602 1.00000000000000
2034.93836391769582 1095.24562252778560 2.60071950342080 1.00000000000000
2034.84169736836338 1095.30849905917421 2.60400053808082 1.00000000000000
2034.74254347779788 1095.36890019802377 2.60836481283070 1.00000000000000
2034.64580046629999 1095.43043250963092 2.61203904712088 1.00000000000000
2034.54712308646413 1095.48949377518147 2.61628194232407 1.00000000000000
2034.44987068790942 1095.55035258503631 2.62007365242155 1.00000000000000
2034.35032267763745 1095.60880731511861 2.62479619216811 1.00000000000000
2034.25308042357210 1095.66900134645402 2.62916748707076 1.00000000000000
2034.15301149617881 1095.72648622747511 2.63465818874297 1.00000000000000
2034.05500527349068 1095.78497222391888 2.63971288613901 1.00000000000000
2033.95473677071277 1095.84112881496549 2.64584501291877 1.00000000000000
2033.85671523545170 1095.89871006179601 2.65148384312525 1.00000000000000
2033.75626587460283 1095.95338609162718 2.65828782473051 1.00000000000000
2033.65718638175167 1096.00892878789455 2.66503418121502 1.00000000000000
2033.55585444823373 1096.06230286508799 2.67245718397357 1.00000000000000
2033.45617094152840 1096.11588223744184 2.67936085883822 1.00000000000000
2033.35439042106736 1096.16761944210157 2.68715803759295 1.00000000000000
2033.25486111955252 1096.21915980568156 2.69479906730110 1.00000000000000
2033.15319647965953 1096.26885281316936 2.70317094588175 1.00000000000000
2033.05305371154100 1096.31819438980892 2.71122117609182 1.00000000000000
2032.95133703574538 1096.36586611717939 2.71973642131213 1.00000000000000
2032.85024462011643 1096.41167833702639 2.72825791431637 1.00000000000000
2032.74856725579593 1096.45722043514252 2.73701009126164 1.00000000000000
2032.64684673456941 1096.50131590710953 2.74573427217760 1.00000000000000
2032.54426800191868 1096.54512244090438 2.75465969178131 1.00000000000000
2032.44289741734974 1096.58691793773323 2.76375423165290 1.00000000000000
2032.34100025141379 1096.62825280567631 2.77315466511234 1.00000000000000
2032.23929032799788 1096.66747081279755 2.78274650288270 1.00000000000000
2032.13780526345363 1096.70639586681500 2.79255207519161 1.00000000000000
2032.03609835251700 1096.74312744662166 2.80237708740296 1.00000000000000
2031.93400367378490 1096.78003370063379 2.81210649774158 1.00000000000000
2031.83280512876809 1096.81446110876277 2.82215127589435 1.00000000000000
2031.73148351995042 1096.84879851294681 2.83246880371291 1.00000000000000
2031.63016400230117 1096.88040521135554 2.84334728186863 1.00000000000000
2031.52854352386203 1096.91243524989113 2.85429975719894 1.00000000000000
2031.42675472720293 1096.94145472208038 2.86531018955758 1.00000000000000
2031.32483481965028 1096.97118601622060 2.87588671617440 1.00000000000000
2031.22369967435952 1096.99751437921077 2.88660648350949 1.00000000000000
2031.12207937054336 1097.02481607068330 2.89725820332934 1.00000000000000
2031.02061393501936 1097.04826441267505 2.90843956638613 1.00000000000000
2030.91906069888500 1097.07315473491326 2.91961094947049 1.00000000000000
2030.81778829667019 1097.09434557333589 2.93139421955609 1.00000000000000
2030.71671958512161 1097.11669580033049 2.94266839615020 1.00000000000000
2030.61532558134058 1097.13508715434000 2.95435304521585 1.00000000000000
2030.51439670519903 1097.15498355729505 2.96572457320391 1.00000000000000
2030.41313105775043 1097.17053060512990 2.97821486412655 1.00000000000000
2030.31221371702850 1097.18788646301255 2.99050511262147 1.00000000000000
2030.21127030812204 1097.20030701812357 3.00372566672108 1.00000000000000
2030.11092672107043 1097.21493332833052 3.01648183406903 1.00000000000000
2030.01106250111479 1097.22405717521906 3.02989603774158 1.00000000000000
2029.91158356919186 1097.23588743433356 3.04310045536640 1.00000000000000
2029.71312989108264 1097.25122114224359 3.07068818657882 1.00000000000000
2029.51515841681976 1097.26072570076212 3.09818402790376 1.00000000000000
2029.31774829956703 1097.26399827469140 3.12707220321519 1.00000000000000
2029.12126079364680 1097.26127371611074 -3.12748223646331 1.00000000000000
2028.92474624968600 1097.25105791445822 -3.09723607513510 1.00000000000000
2028.73047271044925 1097.23476524930447 -3.06532650739338 1.00000000000000
2028.53810542164138 1097.21233804291114 -3.03308462071426 1.00000000000000
2028.34819770453032 1097.18355187447742 -3.00042407422244 1.00000000000000
2028.15983932849485 1097.14837412163615 -2.96590372481488 1.00000000000000
2027.97355282609351 1097.10652404883876 -2.92979191852087 1.00000000000000
2027.78915109537775 1097.05859544035047 -2.89384115490203 1.00000000000000
2027.60645253560506 1097.00397195667028 -2.85754081362057 1.00000000000000
2027.42764999973588 1096.94215678749606 -2.82009183386284 1.00000000000000
2027.25272696663160 1096.87377139553428 -2.78054019764299 1.00000000000000
2027.08137420576531 1096.79866680875421 -2.74019539908503 1.00000000000000
2026.91499236552045 1096.71763647114858 -2.69911616803948 1.00000000000000
2026.75311794993468 1096.63039536681026 -2.65625359274905 1.00000000000000
2026.59529731108341 1096.53634186740965 -2.61301117289714 1.00000000000000
2026.44327897962648 1096.43596302159131 -2.56881925481139 1.00000000000000
2026.29705074685626 1096.32958728820086 -2.52359213334459 1.00000000000000
2026.15677364036674 1096.21644541807473 -2.47783700611292 1.00000000000000
2026.02248942060396 1096.09783084923401 -2.42995347623179 1.00000000000000
2025.89379033097066 1095.97200177656487 -2.38065573940815 1.00000000000000
2025.77228212001501 1095.84005867177621 -2.33009495447859 1.00000000000000
2025.65754198818468 1095.70211289729923 -2.27829439967437 1.00000000000000
2025.55007224355359 1095.55832889303565 -2.22447026268496 1.00000000000000
2025.45041933160974 1095.40776523435488 -2.16983256790687 1.00000000000000
2025.35957314469852 1095.25088015059009 -2.11441571907125 1.00000000000000
2025.27772845176514 1095.08901928644627 -2.05974416484886 1.00000000000000
2025.20507377653848 1094.92158353887498 -2.00365486011055 1.00000000000000
2025.14176517579472 1094.75031151715666 -1.94723683170474 1.00000000000000
2025.08855210593902 1094.57532633049414 -1.89142465995314 1.00000000000000
2025.04516492917901 1094.39692037086934 -1.83550021995987 1.00000000000000
2025.01145663572242 1094.21790475817397 -1.77983265782902 1.00000000000000
2024.98920131335035 1094.03803762374446 -1.72396029763170 1.00000000000000
2024.97699335857760 1093.85678895981982 -1.66795501088244 1.00000000000000
2024.97423985577188 1093.67656275676563 -1.61109069044572 1.00000000000000
2024.98280200199224 1093.49592285603285 -1.55365494930226 1.00000000000000
2025.00091911584605 1093.31649713264778 -1.49657345072764 1.00000000000000
2025.03034014743753 1093.13734003715217 -1.43788141385378 1.00000000000000
2025.07048932835460 1092.95888297259808 -1.37950780951727 1.00000000000000
2025.12044160009827 1092.78243526909500 -1.32151621768996 1.00000000000000
2025.17989575106185 1092.60923250298947 -1.26245043691112 1.00000000000000
2025.24893980508205 1092.44006107747555 -1.20311035618739 1.00000000000000
2025.32811740844045 1092.27482038876042 -1.14442426357507 1.00000000000000
2025.41663487459300 1092.11398180853575 -1.08452935507033 1.00000000000000
2025.51474958518520 1091.95855684299022 -1.02492137631031 1.00000000000000
2025.62199679459445 1091.80917202122509 -0.96477479926295 1.00000000000000
2025.73760025540832 1091.66555644478649 -0.90529377647730 1.00000000000000
2025.86146689060843 1091.52890968369320 -0.84591054294477 1.00000000000000
2025.99321442004293 1091.39908675150946 -0.78764781153737 1.00000000000000
2026.13124289189000 1091.27677701180801 -0.73050702674567 1.00000000000000
2026.27546887181234 1091.16313017392531 -0.67425967390942 1.00000000000000
2026.42418098635972 1091.05809401394799 -0.61939332414106 1.00000000000000
2026.57769236678723 1090.96166436001658 -0.56550626885070 1.00000000000000
2026.73437742376700 1090.87372381193563 -0.51291065555173 1.00000000000000
2026.89369879884180 1090.79395588906482 -0.46218618083264 1.00000000000000
2027.05553107941523 1090.72326032770798 -0.41252331503735 1.00000000000000
2027.21933605591767 1090.65997363068163 -0.36487966991208 1.00000000000000
2027.38315777789103 1090.60498633794487 -0.31780507675941 1.00000000000000
2027.54812220984604 1090.55689105717465 -0.27327353019292 1.00000000000000
2027.71402785205282 1090.51604791171849 -0.23208005250075 1.00000000000000
2027.88064022682374 1090.48202225379646 -0.19182788790067 1.00000000000000
2028.04585848946590 1090.45453205890954 -0.15428424973525 1.00000000000000
2028.21073148981668 1090.43261144822463 -0.11939296142345 1.00000000000000
2028.37428102397826 1090.41594014363363 -0.08632504035111 1.00000000000000
2028.53574251127429 1090.40333379572257 -0.05608686241798 1.00000000000000
2028.69551483076066 1090.39477057615295 -0.02813665160299 1.00000000000000
2028.85546276951209 1090.39000937808305 -0.00167992648231 1.00000000000000
2029.01422596105840 1090.38819140335545 0.02232804174141 1.00000000000000
2029.17198714090046 1090.38895895937458 0.04447705044995 1.00000000000000
2029.32946495234501 1090.39258831646293 0.06599170700801 1.00000000000000
2029.48726131155854 1090.39809204870835 0.08522747407875 1.00000000000000
2029.64482731069438 1090.40547057613730 0.10186185414869 1.00000000000000
2029.80228508915752 1090.41351182851940 0.11553410051130 1.00000000000000
2029.95954586286098 1090.42289860732853 0.12723899015497 1.00000000000000
2030.11760586692253 1090.43254081904888 0.13636852063700 1.00000000000000
2030.27568285958841 1090.44251199718565 0.14291203381171 1.00000000000000
2030.43360601796303 1090.45202562771738 0.14761721921257 1.00000000000000
2030.59288562962320 1090.46168744284660 0.15081818543456 1.00000000000000
2030.75261954456801 1090.47002789936960 0.15088547208493 1.00000000000000
2030.91395119810477 1090.47748132469133 0.14897422750574 1.00000000000000
2031.07552043581381 1090.48250181134790 0.14552074904420 1.00000000000000
2031.23743707779795 1090.48623737413436 0.14012890811067 1.00000000000000
2031.40076312830206 1090.48794243950397 0.13464356502537 1.00000000000000
2031.56546678027371 1090.48804924776778 0.12808806064212 1.00000000000000
2031.73141566175036 1090.48524761851877 0.11825198537389 1.00000000000000
2031.89886195230065 1090.48021165095270 0.10819256224781 1.00000000000000
2032.06688086537179 1090.47220030473545 0.09591808117362 1.00000000000000
2032.23726437147707 1090.46151269506663 0.08065507247282 1.00000000000000
2032.40835672133835 1090.44520017644390 0.06253256608854 1.00000000000000
2032.58051724190591 1090.42624267702922 0.04403873625452 1.00000000000000
2032.75291960220784 1090.40322332922369 0.02288617318722 1.00000000000000
2032.92592255189084 1090.37604106217623 0.00119829106537 1.00000000000000
2033.09892338246573 1090.34509238786995 -0.02023308017250 1.00000000000000
2033.27161236538086 1090.30999459140003 -0.04267145962514 1.00000000000000
2033.44457974378020 1090.27098707435653 -0.06709631776410 1.00000000000000
2033.61570900643710 1090.22791453171521 -0.09241827664496 1.00000000000000
2033.78673011955107 1090.18079616175964 -0.11832698428070 1.00000000000000
2033.95658254018053 1090.12932030297816 -0.14504069377624 1.00000000000000
2034.12474420102080 1090.07371823163703 -0.17189226844560 1.00000000000000
2034.29061616514809 1090.01370618585497 -0.20091312788988 1.00000000000000
2034.45485356450081 1089.94863455789164 -0.23140076469639 1.00000000000000
2034.61761957459385 1089.87841063877568 -0.26232290863453 1.00000000000000
2034.77836098166881 1089.80384393548593 -0.29282575426813 1.00000000000000
2034.93650616228115 1089.72494722530246 -0.32521374011081 1.00000000000000
2035.09195066895336 1089.64100012509152 -0.35884064871124 1.00000000000000
2035.24501508014509 1089.55217160331085 -0.39270104412291 1.00000000000000
2035.39515966700856 1089.45859249727800 -0.42798547092038 1.00000000000000
2035.54228894418338 1089.35986931109801 -0.46508510303226 1.00000000000000
2035.68516301549971 1089.25652322964743 -0.50207490578616 1.00000000000000
2035.82439392094966 1089.14804989891127 -0.53925824908815 1.00000000000000
2035.95955225371290 1089.03431434603408 -0.57810186261026 1.00000000000000
2036.09029623284005 1088.91575399553403 -0.61699193754927 1.00000000000000
2036.21612205705605 1088.79274404142052 -0.65578725472790 1.00000000000000
2036.33712631417438 1088.66520895250142 -0.69443489746168 1.00000000000000
2036.45308162941365 1088.53306267363951 -0.73378694151821 1.00000000000000
2036.56350629392546 1088.39750213967636 -0.77340623648609 1.00000000000000
2036.66807915503159 1088.25850345660001 -0.81279377086114 1.00000000000000
2036.76652409380767 1088.11674786638469 -0.85309966767640 1.00000000000000
2036.85916585905943 1087.97142028575763 -0.89192413668462 1.00000000000000
2036.94598691491410 1087.82374200178310 -0.92861809182670 1.00000000000000
2037.02730183664244 1087.67435810249299 -0.96468271641857 1.00000000000000
2037.10292242793366 1087.52395647671074 -0.99897752034648 1.00000000000000
2037.17328637663741 1087.37085439544171 -1.03037208653825 1.00000000000000
2037.23853891936596 1087.21676340838894 -1.05977092452474 1.00000000000000
2037.29838822945021 1087.06245893752202 -1.08812202356738 1.00000000000000
2037.35335448826663 1086.90866536973044 -1.11416514564097 1.00000000000000
2037.40440191526432 1086.75520928623155 -1.13817884659177 1.00000000000000
2037.45217133965343 1086.60101791797206 -1.16138361924647 1.00000000000000
2037.49629925715271 1086.44662405131385 -1.18309653261483 1.00000000000000
2037.53760007786332 1086.29278810368851 -1.20242931364315 1.00000000000000
2037.57620483625215 1086.13876100583002 -1.21979434591496 1.00000000000000
2037.61306521156803 1085.98462317558005 -1.23569013143198 1.00000000000000
2037.64847164350795 1085.83065050886944 -1.24836033201022 1.00000000000000
2037.68310479726642 1085.67598574468866 -1.25809551791971 1.00000000000000
2037.71695214940701 1085.52109945751727 -1.26543727734345 1.00000000000000
2037.75063798233168 1085.36666763480753 -1.27067250539076 1.00000000000000
2037.78552700165892 1085.21129624685273 -1.27394780521002 1.00000000000000
2037.82175813399954 1085.05448756320402 -1.27536707833056 1.00000000000000
2037.85915958962869 1084.89611669909209 -1.27541369207396 1.00000000000000
2037.89823214418720 1084.73715594690293 -1.27378051326652 1.00000000000000
2037.93908892048057 1084.57712337374687 -1.27127494971377 1.00000000000000
2037.98238450451754 1084.41685990057886 -1.26729710990574 1.00000000000000
2038.02829731581733 1084.25634076679125 -1.26069557155963 1.00000000000000
2038.07736679405207 1084.09489442361519 -1.25157528695404 1.00000000000000
2038.12958921829704 1083.93240664806217 -1.24119321278208 1.00000000000000
2038.18534294492565 1083.76975567266345 -1.22917095624827 1.00000000000000
2038.24476519459859 1083.60759678343311 -1.21561014163254 1.00000000000000
2038.30873675545445 1083.44471554923803 -1.20050067503188 1.00000000000000
2038.37701677205041 1083.28231438016519 -1.18356320490215 1.00000000000000
2038.44966824736912 1083.12061510840431 -1.16464154869685 1.00000000000000
2038.52723587263608 1082.95967508200556 -1.14416563837643 1.00000000000000
2038.60907694743946 1082.79958564136177 -1.12218562676512 1.00000000000000
2038.69643046875717 1082.63981750980020 -1.09850182040769 1.00000000000000
2038.78948236361612 1082.48173419013619 -1.07443208055040 1.00000000000000
2038.88764897373039 1082.32510780449957 -1.04804013314368 1.00000000000000
2038.99125433852896 1082.17021232051775 -1.01984205373112 1.00000000000000
2039.10163477499736 1082.01719270972535 -0.99040148638858 1.00000000000000
2039.21743908885401 1081.86720684403554 -0.95890253249050 1.00000000000000
2039.33911755611189 1081.71969149820507 -0.92733203466135 1.00000000000000
2039.46685961791081 1081.57498846529052 -0.89583732610317 1.00000000000000
2039.60036140348529 1081.43343987083063 -0.86351884462081 1.00000000000000
2039.73894468171056 1081.29575214209035 -0.83037560411989 1.00000000000000
2039.81759826041525 1081.23205246450379 -0.81173867842062 1.00000000000000
2039.96524184092414 1081.10072759818286 -0.77772178042736 1.00000000000000
2040.11899574706331 1080.97390238940716 -0.74272167440648 1.00000000000000
2040.27742891316302 1080.85163399158046 -0.70790273790281 1.00000000000000
2040.44150268461090 1080.73434177041054 -0.67315447769892 1.00000000000000
2040.61023260653019 1080.62204614700750 -0.63757619450270 1.00000000000000
2040.78387901291717 1080.51506347814575 -0.60241198429757 1.00000000000000
2040.96227406209800 1080.41369183687493 -0.56805639243210 1.00000000000000
2041.14458638266660 1080.31733418069780 -0.53377387374762 1.00000000000000
2041.23070579167688 1080.26590627292171 -0.51898318272309 1.00000000000000
2041.33046781178564 1080.22672692174092 -0.50082554793586 1.00000000000000
2041.41871468868339 1080.17776219965890 -0.48756251560346 1.00000000000000
2041.52006686624372 1080.14177820831537 -0.47104204201704 1.00000000000000
2041.60977055085823 1080.09534042049199 -0.45940355099512 1.00000000000000
2041.71200502978172 1080.06171210389584 -0.44410509726988 1.00000000000000
2041.80330770747969 1080.01749885268509 -0.43318485983373 1.00000000000000
2041.90592941513751 1079.98593147518113 -0.41843538967090 1.00000000000000
2041.99827702878974 1079.94408405711874 -0.40784397141947 1.00000000000000
2042.10178821696900 1079.91464768955484 -0.39385992492760 1.00000000000000
2042.19555211893748 1079.87485813396052 -0.38391622886564 1.00000000000000
2042.29921839089366 1079.84724815888330 -0.37095366614920 1.00000000000000
2042.39452599163633 1079.80931949336082 -0.36158862037237 1.00000000000000
2042.49877429101616 1079.78338789148256 -0.34893959366495 1.00000000000000
2042.59535915328888 1079.74739126069471 -0.33961134946564 1.00000000000000
2042.70057662774343 1079.72355831973255 -0.32723066154862 1.00000000000000
2042.79829451825935 1079.68945021741092 -0.31881878785131 1.00000000000000
2042.90346656145994 1079.66717168828472 -0.30787661596409 1.00000000000000
2043.00177833630005 1079.63491237210110 -0.30053036598959 1.00000000000000
2043.10664617858129 1079.61364371003583 -0.29063176846664 1.00000000000000
2043.20561973971780 1079.58299702126533 -0.28408830701446 1.00000000000000
2043.30979708640371 1079.56308959797025 -0.27503776403866 1.00000000000000
2043.40866783069214 1079.53407638287172 -0.26959590148090 1.00000000000000
2043.51218471181346 1079.51472606835887 -0.26234991242458 1.00000000000000
2043.61141596466769 1079.48694307962433 -0.25773387319506 1.00000000000000
2043.71505277440883 1079.46849529212341 -0.25155235870424 1.00000000000000
2043.81455971597461 1079.44168536132202 -0.24839970976571 1.00000000000000
2043.91757710394450 1079.42320203734562 -0.24374510728890 1.00000000000000
2044.01714572432684 1079.39718923578039 -0.24131490877177 1.00000000000000
2044.11995188886067 1079.37898631813005 -0.23700688481193 1.00000000000000
2044.21987876982894 1079.35361585626379 -0.23452432701222 1.00000000000000
2044.32173476531170 1079.33541136188433 -0.23094626384586 1.00000000000000
2044.42134896933567 1079.31069044023752 -0.22936243693091 1.00000000000000
2044.52232479536906 1079.29192540608346 -0.22660138147237 1.00000000000000
2044.62190490931971 1079.26764352619648 -0.22554178189351 1.00000000000000
2044.72208939417033 1079.24791862256825 -0.22358356076178 1.00000000000000
2044.82132958341390 1079.22403013659641 -0.22274461213166 1.00000000000000
2044.92085972928908 1079.20374442543834 -0.22088803276011 1.00000000000000
2045.02027581422590 1079.18012455338612 -0.21976375019572 1.00000000000000
2045.11865304363891 1079.15881009353325 -0.21869737876008 1.00000000000000
2045.21762698452221 1079.13544431282207 -0.21851248742137 1.00000000000000
2045.31578019546578 1079.11369325872511 -0.21825504790296 1.00000000000000
2045.41466200468130 1079.09036922734231 -0.21866579811394 1.00000000000000
2045.51214028976392 1079.06752443220466 -0.21877488414000 1.00000000000000
2045.61097648314899 1079.04422077257186 -0.21859141728973 1.00000000000000
2045.70854623068590 1079.02063019573689 -0.21881835899826 1.00000000000000
2045.80738071561791 1078.99726661341265 -0.21918431316669 1.00000000000000
2045.90452245587949 1078.97264074999839 -0.22009375837794 1.00000000000000
2046.00343132863054 1078.94911582814530 -0.22076716977889 1.00000000000000
2046.10025784838945 1078.92369835777208 -0.22221778407624 1.00000000000000
2046.19890959700570 1078.90002249740064 -0.22295312394266 1.00000000000000
2046.39348666963633 1078.84957051649690 -0.22608747160904 1.00000000000000
2046.58722217218019 1078.79788962332532 -0.23095101381030 1.00000000000000
2046.78056959324749 1078.74450905341655 -0.23669177167222 1.00000000000000
2046.97349152364768 1078.68987340526655 -0.24310554190627 1.00000000000000
2047.16583451838233 1078.63273523235694 -0.25306760324646 1.00000000000000
2047.35656737058889 1078.57384500419721 -0.26283052637661 1.00000000000000
2047.54541401437018 1078.51238767337054 -0.27360641848071 1.00000000000000
2047.73346668953309 1078.44802796514705 -0.28616154909550 1.00000000000000
2047.92029185220599 1078.38027526671067 -0.29984984827318 1.00000000000000
2048.10726701986277 1078.30972396675497 -0.31301512368896 1.00000000000000
2048.29307758843061 1078.23573640268296 -0.32869120632028 1.00000000000000
2048.47761165531119 1078.15882265334949 -0.34579447491016 1.00000000000000
2048.65927101729903 1078.07921310001984 -0.36183337115331 1.00000000000000
2048.83951934974175 1077.99620121577755 -0.38016715933556 1.00000000000000
2049.01848214876372 1077.90880047110841 -0.39929852892960 1.00000000000000
2049.19473484531045 1077.81775355711579 -0.41905898982232 1.00000000000000
2049.36996984598227 1077.72277991846204 -0.44005965158308 1.00000000000000
2049.54250564065296 1077.62380052823573 -0.46248321554072 1.00000000000000
2049.71169850515435 1077.52094777347520 -0.48513619979405 1.00000000000000
2049.87854219239671 1077.41445012670010 -0.50785301066859 1.00000000000000
2050.04190120741259 1077.30400776723400 -0.53257172419995 1.00000000000000
2050.20206617750227 1077.18916345294565 -0.55892789104718 1.00000000000000
2050.35928073379910 1077.06980252638459 -0.58491606685300 1.00000000000000
2050.51288561488036 1076.94744453672320 -0.61169685022242 1.00000000000000
2050.66266035370063 1076.82008684519678 -0.64085249037656 1.00000000000000
2050.80799577559810 1076.68930495250970 -0.66953657611571 1.00000000000000
2050.94991562730866 1076.55339723080397 -0.69919813015220 1.00000000000000
2051.08687814185396 1076.41381232626736 -0.72807005796264 1.00000000000000
2051.21969059947878 1076.27021716535091 -0.75769948618630 1.00000000000000
2051.34755778615363 1076.12299613514915 -0.78713556237301 1.00000000000000
2051.47106840176275 1075.97251640213653 -0.81673128508119 1.00000000000000
2051.58925673621707 1075.81881454540417 -0.84728397229805 1.00000000000000
2051.70213784824591 1075.66227133385837 -0.87771403164076 1.00000000000000
2051.80929587257560 1075.50281014107168 -0.90899560590302 1.00000000000000
2051.91151830658782 1075.34073649765924 -0.93999421623198 1.00000000000000
2052.00822496495675 1075.17609319044277 -0.97129989103585 1.00000000000000
2052.09995408228133 1075.00883823819458 -1.00232030474635 1.00000000000000
2052.18628031970002 1074.83881685510278 -1.03327354222991 1.00000000000000
2052.26731808856130 1074.66737975412980 -1.06409223751628 1.00000000000000
2052.34238152892794 1074.49405509745702 -1.09458758012501 1.00000000000000
2052.41174032946583 1074.31981211155653 -1.12415975663962 1.00000000000000
2052.47609385568649 1074.14452013419941 -1.15283513205889 1.00000000000000
2052.53505974984728 1073.96866595558822 -1.18028533754477 1.00000000000000
2052.58871864550747 1073.79196655144915 -1.20730397036361 1.00000000000000
2052.63780402677367 1073.61411395529285 -1.23300279610235 1.00000000000000
2052.68226601451170 1073.43621728662401 -1.25777789804414 1.00000000000000
2052.72236981138121 1073.25834722118452 -1.28247042080874 1.00000000000000
2052.75835616252152 1073.08050704840571 -1.30635223839294 1.00000000000000
2052.79052163276356 1072.90328349079937 -1.32773925037171 1.00000000000000
2052.81903066183440 1072.72660782886669 -1.34801628652116 1.00000000000000
2052.84417113737436 1072.55052315676585 -1.36635776837751 1.00000000000000
2052.86661445786012 1072.37509523285553 -1.38233440350213 1.00000000000000
2052.88709125720197 1072.20014816150069 -1.39502620482520 1.00000000000000
2052.90545411175117 1072.02543429192156 -1.40512216271293 1.00000000000000
2052.92250987602165 1071.85099714202806 -1.41258039300498 1.00000000000000
2052.93906729610171 1071.67750861030072 -1.41781957865200 1.00000000000000
2052.95550393650774 1071.50537861743942 -1.42150528427809 1.00000000000000
2052.97181087604258 1071.33331433031708 -1.42413014716369 1.00000000000000
2052.98833067377564 1071.16220800206065 -1.42517068062823 1.00000000000000
2053.00597831921186 1070.99158818647265 -1.42536170408795 1.00000000000000
2053.02526868216228 1070.82143232785165 -1.42436616651907 1.00000000000000
2053.04527091328055 1070.65249253017828 -1.42281591607610 1.00000000000000
2053.06632958829869 1070.48266156902537 -1.42030032532118 1.00000000000000
2053.08893128193449 1070.31339654233307 -1.41640192295877 1.00000000000000
2053.11284777859692 1070.14489007880911 -1.41123678877909 1.00000000000000
2053.13813772716094 1069.97693096334115 -1.40531159027642 1.00000000000000
2053.16562767088180 1069.80907084792852 -1.39775456308048 1.00000000000000
2053.19487910706084 1069.64125850657001 -1.38939956529329 1.00000000000000
2053.22691594029311 1069.47307981317863 -1.37914092185203 1.00000000000000
2053.26161856355611 1069.30509854946285 -1.36788153269042 1.00000000000000
2053.29871590167750 1069.13743422320113 -1.35612340047110 1.00000000000000
2053.33870888571255 1068.96948443073779 -1.34245051455672 1.00000000000000
2053.38192714197794 1068.80110082635656 -1.32844042647440 1.00000000000000
2053.42802218615543 1068.63230971386656 -1.31410789169676 1.00000000000000
2053.47750773438020 1068.46416991669685 -1.29823460767577 1.00000000000000
2053.53046535130125 1068.29610693966970 -1.28212472243123 1.00000000000000
2053.58682058309205 1068.12857059203088 -1.26621887584791 1.00000000000000
2053.64687883993611 1067.96128850663081 -1.24935190487491 1.00000000000000
2053.71080035035266 1067.79407790256664 -1.23228806946143 1.00000000000000
2053.77806139376480 1067.62799759861082 -1.21439209465014 1.00000000000000
2053.84878439165186 1067.46230838587508 -1.19431134544983 1.00000000000000
2053.92358290497214 1067.29718797141686 -1.17406970513644 1.00000000000000
2054.00219318934251 1067.13246290665120 -1.15292458136268 1.00000000000000
2054.08475315407850 1066.96964632393792 -1.13040364282867 1.00000000000000
2054.17164171289187 1066.80759650096297 -1.10754431956871 1.00000000000000
2054.26212254539132 1066.64773830538616 -1.08473071098612 1.00000000000000
2054.35650065843947 1066.48975896649063 -1.06196143909885 1.00000000000000
2054.45413989748340 1066.33461705269292 -1.03927921290179 1.00000000000000
2054.55456597090233 1066.18240425130352 -1.01650309247145 1.00000000000000
2054.65875882131513 1066.03289379179478 -0.99417456644914 1.00000000000000
2054.76602053747047 1065.88633163552731 -0.97153645847032 1.00000000000000
2054.87570461106952 1065.74365280754864 -0.94896042764392 1.00000000000000
2054.98748655861709 1065.60440719220787 -0.92696327027860 1.00000000000000
2055.09972216759343 1065.47128706611693 -0.90502704258638 1.00000000000000
2055.21271814394277 1065.34307226492092 -0.88291017988806 1.00000000000000
2055.33060611959081 1065.21463220147416 -0.86058215969788 1.00000000000000
2055.44899052206893 1065.09108447888866 -0.83729918594823 1.00000000000000
2055.56984108465258 1064.97094578761607 -0.81232607921967 1.00000000000000
2055.69160822464619 1064.85553866252303 -0.78661231610611 1.00000000000000
2055.81554631737527 1064.74405276868492 -0.76090477402379 1.00000000000000
2055.94143953948515 1064.63628729153425 -0.73509269669645 1.00000000000000
2056.06937647261657 1064.53248979290947 -0.70991098195715 1.00000000000000
2056.19828707375564 1064.43320046784356 -0.68496992893620 1.00000000000000
2056.32812028529588 1064.33840854559094 -0.66015920416541 1.00000000000000
2056.45835872640600 1064.24821714311838 -0.63556551593084 1.00000000000000
2056.58946626202669 1064.16129950201139 -0.61180932212182 1.00000000000000
2056.72125589160714 1064.07883028825745 -0.58776063142048 1.00000000000000
2056.85284870874602 1064.00067718280479 -0.56246918293843 1.00000000000000
2056.98913265229203 1063.92406305205077 -0.53655370872645 1.00000000000000
2057.12395865708822 1063.85208794521168 -0.51037556698781 1.00000000000000
2057.25974046078045 1063.78450793167576 -0.48349934162655 1.00000000000000
2057.39417409547605 1063.72172380192205 -0.45610420182020 1.00000000000000
2057.52877037681174 1063.66406240081415 -0.42791072747811 1.00000000000000
2057.66497970186174 1063.61207033693790 -0.39910199765482 1.00000000000000
2057.80107236630283 1063.56396916881204 -0.37071511407495 1.00000000000000
2057.93781622604001 1063.52050138404593 -0.34048494282267 1.00000000000000
2058.07536720694043 1063.48118487326428 -0.30980221190265 1.00000000000000
2058.21382338984404 1063.44602359132841 -0.27919327662001 1.00000000000000
2058.35442729631905 1063.41515345731750 -0.24898184156422 1.00000000000000
2058.49586749577429 1063.38837068481371 -0.21748992036345 1.00000000000000
2058.63798334414605 1063.36603769334033 -0.18403065441865 1.00000000000000
2058.78179995378014 1063.34794498560950 -0.15114327597185 1.00000000000000
2058.92824790917803 1063.33451181882992 -0.11707847459478 1.00000000000000
2059.07709291519132 1063.32571381330490 -0.08227268305128 1.00000000000000
2059.22822149383137 1063.32198508223519 -0.04821811612247 1.00000000000000
2059.38038695504656 1063.32327057141811 -0.01216417597164 1.00000000000000
2059.53358550765552 1063.32979218382388 0.02479025381654 1.00000000000000
2059.68844279029872 1063.34236644953489 0.06167691996900 1.00000000000000
2059.84368592913961 1063.36016727332026 0.09939410192363 1.00000000000000
2060.00014105287846 1063.38430484198034 0.13894965639791 1.00000000000000
2060.15682536503300 1063.41473719896749 0.17912772001582 1.00000000000000
2060.31305289443117 1063.45123901451007 0.21914723159443 1.00000000000000
2060.46869395201793 1063.49437202000991 0.26125248474612 1.00000000000000
2060.62341225432465 1063.54427533783019 0.30451793393919 1.00000000000000
2060.77661962190177 1063.60108030261472 0.34859482063704 1.00000000000000
2060.92790226079524 1063.66440953826532 0.39420605394918 1.00000000000000
2061.07701842417009 1063.73526959214360 0.44030580259527 1.00000000000000
2061.22388682374731 1063.81386453285813 0.48805356785020 1.00000000000000
2061.36743358080275 1063.89990998758003 0.53698094919848 1.00000000000000
2061.50661066942848 1063.99303018581122 0.58665106767211 1.00000000000000
2061.64255271060392 1064.09373597940430 0.63495508149614 1.00000000000000
2061.77347351220669 1064.20124561525881 0.68475050870769 1.00000000000000
2061.89803769078571 1064.31460993364453 0.73570839811958 1.00000000000000
2062.01646191161126 1064.43422340229154 0.78660307875362 1.00000000000000
2062.12912684003823 1064.56026744702831 0.83797557168840 1.00000000000000
2062.23495772550814 1064.69183042412624 0.89121737751861 1.00000000000000
2062.33305278368061 1064.82861152989790 0.94484227822503 1.00000000000000
2062.42408948217053 1064.97095450898632 0.99868024462235 1.00000000000000
2062.50733050925191 1065.11803659377620 1.05358254599622 1.00000000000000
2062.58221740031149 1065.26930295955390 1.10933815612719 1.00000000000000
2062.64815613348037 1065.42451048130170 1.16503084422825 1.00000000000000
2062.70526410394814 1065.58334304671735 1.22049858343030 1.00000000000000
2062.75295989611186 1065.74506642203778 1.27571116346300 1.00000000000000
2062.79191424237797 1065.90788594121113 1.33003629384345 1.00000000000000
2062.82155981159303 1066.07135226996616 1.38474795166919 1.00000000000000
2062.84168873366434 1066.23585033649579 1.44038918591779 1.00000000000000
2062.85249956551706 1066.39988599531353 1.49511715501698 1.00000000000000
2062.85404802975245 1066.56381602399051 1.54903088207758 1.00000000000000
2062.84658302890602 1066.72731900587678 1.60368780388578 1.00000000000000
2062.83000944205560 1066.88926877919585 1.65823810194142 1.00000000000000
2062.80497208802262 1067.04969964735210 1.71125024783773 1.00000000000000
2062.77189351507695 1067.20812629815191 1.76268499470160 1.00000000000000
2062.73096297681332 1067.36405964754522 1.81327995204020 1.00000000000000
2062.68255902815145 1067.51573188882321 1.86329358754168 1.00000000000000
2062.62734876829199 1067.66266404977068 1.91023668259887 1.00000000000000
2062.56655736890389 1067.80522724101320 1.95649490233330 1.00000000000000
2062.49952464841772 1067.94332629069686 2.00125795990353 1.00000000000000
2062.42794577119639 1068.07654788717628 2.04423222628891 1.00000000000000
2062.35029586812016 1068.20595148717985 2.08579969424305 1.00000000000000
2062.26880568201886 1068.32998705934733 2.12704080134729 1.00000000000000
2062.18374150141608 1068.44997372757643 2.16642662923778 1.00000000000000
2062.09455642849207 1068.56588776409626 2.20462323564171 1.00000000000000
2062.00208014040254 1068.67776046600193 2.23971072917916 1.00000000000000
2061.90803800505819 1068.78521459084004 2.27240144830681 1.00000000000000
2061.81161322351545 1068.88809868786484 2.30494732455863 1.00000000000000
2061.71287251618924 1068.98796083079651 2.33617160025358 1.00000000000000
2061.61186844750773 1069.08512957720086 2.36454257580092 1.00000000000000
2061.50885656039463 1069.17997173918411 2.39067006258039 1.00000000000000
2061.40432983299252 1069.27237969357520 2.41632980831137 1.00000000000000
2061.29828235297464 1069.36321488628164 2.43846604500928 1.00000000000000
2061.18982532946393 1069.45287149958313 2.45805336976971 1.00000000000000
2061.08034120331286 1069.54173226980492 2.47865780776093 1.00000000000000
2060.96953787171515 1069.62929504970089 2.49480877958502 1.00000000000000
2060.85718092083698 1069.71740665892139 2.50736542980261 1.00000000000000
2060.74346656061243 1069.80522590689361 2.52095435557565 1.00000000000000
2060.62858709698776 1069.89325162861496 2.53123363274455 1.00000000000000
2060.51276666636113 1069.98250647494569 2.53762084237890 1.00000000000000
2060.39644605084322 1070.07294459640980 2.54410247636979 1.00000000000000
2060.27911325707100 1070.16410610685125 2.54882991673509 1.00000000000000
2060.16103470092639 1070.25732456240803 2.55122133669095 1.00000000000000
2060.04214903066168 1070.35263540549204 2.55201355852243 1.00000000000000
2059.92268218623940 1070.44945999514312 2.55271903097329 1.00000000000000
2059.80333785794210 1070.54816556209698 2.55139844658044 1.00000000000000
2059.68351270630956 1070.64955790946260 2.54839332312582 1.00000000000000
2059.56217339541763 1070.75399474985898 2.54673448479141 1.00000000000000
2059.44120969425421 1070.86068208934739 2.54237543554435 1.00000000000000
2059.31922348076478 1070.97025653673336 2.53805137220318 1.00000000000000
2059.19580823264550 1071.08255888102576 2.53500916290314 1.00000000000000
2059.07203002658207 1071.19828219385818 2.53197054358751 1.00000000000000
2058.94779873406515 1071.31580772297457 2.52860769378974 1.00000000000000
2058.82206546945963 1071.43670332711190 2.52567611255531 1.00000000000000
2058.69518642831827 1071.55956249265000 2.52239989144201 1.00000000000000
2058.56702097278321 1071.68559968937188 2.51923085682864 1.00000000000000
2058.43694605503697 1071.81327510019764 2.51743933819726 1.00000000000000
2058.30583915568423 1071.94306498114020 2.51535608355602 1.00000000000000
2058.17441210208926 1072.07600429560989 2.51225089180704 1.00000000000000
2058.04163769446313 1072.21106738178059 2.51044565792086 1.00000000000000
2057.90653153485619 1072.34757798118517 2.50870870348186 1.00000000000000
2057.76993397052865 1072.48579634260386 2.50655335948800 1.00000000000000
2057.70939435501350 1072.56558556761593 2.50157443976715 1.00000000000000
2057.56981760472991 1072.70576037140563 2.49880048996241 1.00000000000000
2057.42820975661743 1072.84682696219534 2.49599834839161 1.00000000000000
2057.34855538024567 1072.90815925644711 2.49814155578187 1.00000000000000
2057.28475220256951 1072.98926844634116 2.49336873699172 1.00000000000000
2057.20443150086794 1073.05142175965011 2.49576906171546 1.00000000000000
2057.13940536184236 1073.13265005499125 2.49174758042083 1.00000000000000
2057.05846797651611 1073.19548989459872 2.49431241308624 1.00000000000000
2056.99226008506957 1073.27713681431487 2.49081160925577 1.00000000000000
2056.91059595101979 1073.34063871297985 2.49370799421340 1.00000000000000
2056.84381004876923 1073.42209660587832 2.49035098020803 1.00000000000000
2056.76178945333231 1073.48593686241657 2.49328037451794 1.00000000000000
2056.69378605624661 1073.56714694434777 2.48998318203653 1.00000000000000
2056.61144600639818 1073.63132407888770 2.49252206496162 1.00000000000000
2056.54267004784197 1073.71231816569343 2.48902480429131 1.00000000000000
2056.45995478227269 1073.77693770406768 2.49118993224578 1.00000000000000
2056.39005831268150 1073.85724094090983 2.48784910725827 1.00000000000000
2056.30770213273354 1073.92178407870233 2.48949705151524 1.00000000000000
2056.23694796609925 1074.00142390234396 2.48606605114563 1.00000000000000
2056.15416464122245 1074.06655302643776 2.48740238132949 1.00000000000000
2056.08336061087903 1074.14584677014500 2.48380324946067 1.00000000000000
2056.00063223007601 1074.21127715567127 2.48465273519867 1.00000000000000
2055.92954559321515 1074.29009046778083 2.48067540507703 1.00000000000000
2055.84707201382844 1074.35573520464823 2.48128972840126 1.00000000000000
2055.77576117520221 1074.43390465388075 2.47797530134931 1.00000000000000
2055.69339583476540 1074.49975427100435 2.47925087523681 1.00000000000000
2055.62172596075106 1074.57741015637293 2.47633216600918 1.00000000000000
2055.53960425138939 1074.64338340703398 2.47695450798067 1.00000000000000
2055.46764533664100 1074.72054627444595 2.47322644972986 1.00000000000000
2055.38573905691737 1074.78679217305034 2.47323566094593 1.00000000000000
2055.31406573817367 1074.86331017268822 2.46984689638026 1.00000000000000
2055.23222698213067 1074.92990176379681 2.47027287292745 1.00000000000000
2055.15945313335396 1075.00615670764819 2.46722049285726 1.00000000000000
2055.07739387109177 1075.07334230886772 2.46728293162606 1.00000000000000
2055.00500489369733 1075.14971810160205 2.46374035186179 1.00000000000000
2054.92321085208096 1075.21713643753901 2.46378912274466 1.00000000000000
2054.85040171456058 1075.29342555999756 2.46091842386000 1.00000000000000
2054.76890003308654 1075.36094997450709 2.46140087894217 1.00000000000000
2054.69553014216945 1075.43715996947140 2.45873209017447 1.00000000000000
2054.61371265474008 1075.50530093256384 2.45887329474691 1.00000000000000
2054.53910489514237 1075.58090836321935 2.45652633263936 1.00000000000000
2054.45724477595650 1075.64936481369659 2.45686269068018 1.00000000000000
2054.38090530887712 1075.72535590175539 2.45474086338535 1.00000000000000
2054.29795151972212 1075.79505640268326 2.45448467280219 1.00000000000000
2054.22117231274024 1075.87133282283321 2.45212834791507 1.00000000000000
2054.13803633791395 1075.94151689158753 2.45199569634717 1.00000000000000
2054.06078675546451 1076.01794515782967 2.44987521094698 1.00000000000000
2053.97725103422999 1076.08880210760981 2.44969075551815 1.00000000000000
2053.90002654690761 1076.16585850762203 2.44715717115233 1.00000000000000
2053.81645199621562 1076.23719014832750 2.44647144062122 1.00000000000000
2053.73800966562703 1076.31494269473478 2.44364515492484 1.00000000000000
2053.65361205051886 1076.38750425027683 2.44265862434021 1.00000000000000
2053.57453988026828 1076.46547495340928 2.43987751825895 1.00000000000000
2053.48990980233066 1076.53868306707591 2.43958144335663 1.00000000000000
2053.41028942732373 1076.61744298087433 2.43752867902856 1.00000000000000
2053.32514284225181 1076.69159706262872 2.43650718220739 1.00000000000000
2053.24526827939553 1076.77115130191669 2.43399495027060 1.00000000000000
2053.15967285318766 1076.84610357321799 2.43364489312360 1.00000000000000
2053.07864162919577 1076.92640022747219 2.43188870477233 1.00000000000000
2052.99250476318412 1077.00219661789015 2.43143789747719 1.00000000000000
2052.91113017848693 1077.08285372611135 2.43001906131217 1.00000000000000
2052.82466816727538 1077.15913529181853 2.43030251250773 1.00000000000000
2052.74273224663921 1077.23964945832267 2.42915986020472 1.00000000000000
2052.65645942476112 1077.31592660630122 2.42932768969629 1.00000000000000
2052.57379912410397 1077.39665086660534 2.42794239897497 1.00000000000000
2052.48652191000292 1077.47395977983251 2.42829208099601 1.00000000000000
2052.40261747781187 1077.55437744315714 2.42790393357541 1.00000000000000
2052.31479863577988 1077.63221009541303 2.42824056094493 1.00000000000000
2052.23071498237550 1077.71403717435896 2.42686965949141 1.00000000000000
2052.14269142784178 1077.79223806317896 2.42682020218503 1.00000000000000
2052.05785077629844 1077.87469819840044 2.42565173812378 1.00000000000000
2051.96875850408105 1077.95404444448650 2.42556310982664 1.00000000000000
2051.88322675216477 1078.03739809105173 2.42420691157883 1.00000000000000
2051.79377947433386 1078.11725746700540 2.42429802215359 1.00000000000000
2051.70758130075410 1078.20042492449284 2.42324166586841 1.00000000000000
2051.61785055231303 1078.28070561680943 2.42330205078107 1.00000000000000
2051.53023960260907 1078.36415352951735 2.42247788366680 1.00000000000000
2051.43981236219406 1078.44512528320774 2.42293655253195 1.00000000000000
2051.35191143839620 1078.52852525189519 2.42240822782284 1.00000000000000
2051.26161258737557 1078.60945604648441 2.42255430725924 1.00000000000000
2051.17306461080443 1078.69341824436560 2.42183067799075 1.00000000000000
2051.08210763818352 1078.77502653514966 2.42194475510259 1.00000000000000
2050.99287571175955 1078.85925664100796 2.42133796857605 1.00000000000000
2050.90148782962933 1078.94126915652305 2.42190168612913 1.00000000000000
2050.81141071696766 1079.02568357996643 2.42192825728403 1.00000000000000
2050.71921071712859 1079.10843778029084 2.42194129119760 1.00000000000000
2050.62842901702970 1079.19319151900709 2.42148725602650 1.00000000000000
2050.53589300590102 1079.27619972266257 2.42206967350799 1.00000000000000
2050.44529255578527 1079.36125990888104 2.42174763660886 1.00000000000000
2050.35291237884667 1079.44411692116410 2.42224686998134 1.00000000000000
2050.26238423172617 1079.52832437818870 2.42218747717321 1.00000000000000
2050.16982314415509 1079.61133400257677 2.42235053811796 1.00000000000000
2050.07826353516430 1079.69550065742806 2.42217065641627 1.00000000000000
2049.98576642555417 1079.77840252546594 2.42253460732892 1.00000000000000
2049.89478474739008 1079.86251459550112 2.42235027837239 1.00000000000000
2049.80211946810596 1079.94555930839851 2.42263482633465 1.00000000000000
2049.71138155023800 1080.02986938320100 2.42231838058029 1.00000000000000
2049.61882881936617 1080.11279636807740 2.42269116701082 1.00000000000000
2049.52797524537891 1080.19703002832830 2.42254626597271 1.00000000000000
2049.43530545814428 1080.28001231374219 2.42303349510920 1.00000000000000
2049.34414001402911 1080.36389607517049 2.42298261466280 1.00000000000000
2049.25148525950499 1080.44679596787319 2.42346510731971 1.00000000000000
2049.16055924340617 1080.53067513182759 2.42341401152386 1.00000000000000
2049.06785826722626 1080.61357072694227 2.42379017146647 1.00000000000000
2048.97678924055072 1080.69725207518786 2.42400029332657 1.00000000000000
2048.88402773172129 1080.78000622009858 2.42503416893655 1.00000000000000
2048.79339591530152 1080.86360906483606 2.42528302583828 1.00000000000000
2048.70077839435544 1080.94610704574734 2.42587149011094 1.00000000000000
2048.60974002256989 1081.02874247496948 2.42628310231110 1.00000000000000
2048.51729141664691 1081.11094960477203 2.42668843058894 1.00000000000000
2048.42605537665077 1081.19338805228472 2.42717293921356 1.00000000000000
2048.33349408995127 1081.27541555417702 2.42844355290395 1.00000000000000
2048.24254829646088 1081.35755147738382 2.42946322839206 1.00000000000000
2048.14993285579840 1081.43932060757652 2.43052897678470 1.00000000000000
2048.05973071313929 1081.52117353864014 2.43090397110521 1.00000000000000
2047.96739433740731 1081.60245724627748 2.43181588491034 1.00000000000000
2047.87685276340926 1081.68390595959499 2.43274215527396 1.00000000000000
2047.78434467327315 1081.76494926307350 2.43436706708454 1.00000000000000
2047.69322836387437 1081.84607140952721 2.43593748910321 1.00000000000000
2047.60055973322596 1081.92673604143783 2.43780624394303 1.00000000000000
2047.50900057191029 1082.00728180399165 2.43910713031497 1.00000000000000
2047.41613147209864 1082.08770090574399 2.44029060099126 1.00000000000000
2047.32411484722979 1082.16784061631188 2.44150642682628 1.00000000000000
2047.23103426583111 1082.24798243446276 2.44303868839569 1.00000000000000
2047.13946184213273 1082.32792013883591 2.44444055398182 1.00000000000000
2047.04650137654971 1082.40747743798420 2.44614203436066 1.00000000000000
2046.95456181291956 1082.48661887971684 2.44756782458762 1.00000000000000
2046.86121097783325 1082.56600551912561 2.44928080153696 1.00000000000000
2046.76889253972331 1082.64479038026184 2.45076599443971 1.00000000000000
2046.67557247233344 1082.72361901123077 2.45263372098185 1.00000000000000
2046.58301261370070 1082.80195439886302 2.45443649512706 1.00000000000000
2046.48981162137352 1082.88010116992518 2.45638372537424 1.00000000000000
2046.39716294768732 1082.95778650091961 2.45814520318212 1.00000000000000
2046.30353689671028 1083.03573133470491 2.45988864472414 1.00000000000000
2046.21095137891825 1083.11291420366615 2.46167222974422 1.00000000000000
2046.11730163346510 1083.19029380520806 2.46358229302818 1.00000000000000
2046.02478840906406 1083.26645075203851 2.46518564918819 1.00000000000000
2045.93097135587595 1083.34343909472227 2.46686177449125 1.00000000000000
2045.83788363949861 1083.41953639127314 2.46877366852873 1.00000000000000
2045.74371091206558 1083.49622296774760 2.47074264458247 1.00000000000000
2045.65059975639451 1083.57135084643960 2.47256234707115 1.00000000000000
2045.55709386739181 1083.64693270996213 2.47433333206031 1.00000000000000
2045.46495095826685 1083.72244403930381 2.47593143440025 1.00000000000000
2045.37136516009923 1083.79755915002897 2.47779967407883 1.00000000000000
2045.27926627040142 1083.87199799995869 2.47941040440417 1.00000000000000
2045.18605177168502 1083.94623882742599 2.48156023476682 1.00000000000000
2045.09478041378316 1084.02033152803779 2.48331854250419 1.00000000000000
2045.00180484820157 1084.09384181536734 2.48526200211595 1.00000000000000
2044.91246903018327 1084.16507955733687 2.48650587307197 1.00000000000000
2044.82212427031482 1084.23611204931512 2.48772381087547 1.00000000000000
2044.73286157217808 1084.30641567334533 2.48909356668231 1.00000000000000
2044.64242432930041 1084.37710803374648 2.49049201869942 1.00000000000000
2044.55310178804211 1084.44740339089185 2.49171475314781 1.00000000000000
2044.46280836360529 1084.51763038709760 2.49289211483246 1.00000000000000
2044.37291493080556 1084.58734955824912 2.49395297983486 1.00000000000000
2044.28199949517148 1084.65771602792665 2.49513925511125 1.00000000000000
2044.19166144903284 1084.72580821439624 2.49644090663018 1.00000000000000
2044.10182961646933 1084.79497972503304 2.49757346767517 1.00000000000000
2044.01234433497302 1084.86285840999335 2.49888395980303 1.00000000000000
2043.92291398759698 1084.93139714654535 2.49992199120526 1.00000000000000
2043.83447101479396 1084.99825266096741 2.50106321681937 1.00000000000000
2043.74591271451209 1085.06584120355546 2.50186420341278 1.00000000000000
2043.65833022887819 1085.13195087062195 2.50264599027379 1.00000000000000
2043.57049768004799 1085.19873626576737 2.50354646670559 1.00000000000000
2043.48377124668332 1085.26393994735554 2.50476143404313 1.00000000000000
2043.39655038632918 1085.32994272280484 2.50601572649780 1.00000000000000
2043.31065334030427 1085.39467559615150 2.50712869080519 1.00000000000000
2043.22415222774725 1085.45989998150617 2.50773530128601 1.00000000000000
2043.13937175681349 1085.52448223531246 2.50827976564134 1.00000000000000
2043.05318445200101 1085.58924511866644 2.50926652647686 1.00000000000000
2042.96888230135664 1085.65214023645967 2.51040841337273 1.00000000000000
2042.88373831595527 1085.71585189271718 2.51141107681596 1.00000000000000
2042.80046042206232 1085.77817178983241 2.51210856634448 1.00000000000000
2042.71595759026241 1085.84119135187939 2.51290398676681 1.00000000000000
2042.63374903390650 1085.90293532842770 2.51358710739833 1.00000000000000
2042.54991009214427 1085.96525226673111 2.51451293468194 1.00000000000000
2042.46883155568503 1086.02609576331452 2.51525321467951 1.00000000000000
2042.38609431579243 1086.08740127505735 2.51604091442521 1.00000000000000
2042.30637803243008 1086.14779913984239 2.51654573051462 1.00000000000000
2042.22440188226756 1086.20836286339909 2.51738020369064 1.00000000000000
2042.06428969686385 1086.32808317430317 2.51788899469139 1.00000000000000
2041.90639694186393 1086.44585666293278 2.51973073330385 1.00000000000000
2041.75046530552208 1086.56234830198810 2.52156639040716 1.00000000000000
2041.59628911578329 1086.67685957020149 2.52248547227761 1.00000000000000
2041.44394785875920 1086.78977240016684 2.52356339434819 1.00000000000000
2041.29404697404243 1086.90114855300635 2.52499957784324 1.00000000000000
2041.14556583401281 1087.01115267118439 2.52572316753562 1.00000000000000
2040.99902384146117 1087.11957723787054 2.52722900033653 1.00000000000000
2040.85353399609448 1087.22675492940471 2.52866751960946 1.00000000000000
2040.70989995647687 1087.33185306284577 2.52956924435700 1.00000000000000
2040.56737480405718 1087.43599934550002 2.53062070662571 1.00000000000000
2040.42648251424544 1087.53931037662551 2.53158953541393 1.00000000000000
2040.28693013684824 1087.64134183106944 2.53319708624337 1.00000000000000
2040.14807375066448 1087.74232158856466 2.53403603512046 1.00000000000000
2040.01062259863829 1087.84178300667554 2.53496321857825 1.00000000000000
2039.87488354032394 1087.94002332119271 2.53614618709447 1.00000000000000
2039.74043955409434 1088.03703592065722 2.53658241478529 1.00000000000000
2039.60786571138306 1088.13297453941777 2.53706909836923 1.00000000000000
2039.47673687111819 1088.22758195595816 2.53885932981311 1.00000000000000
2039.34731344925240 1088.32102849893272 2.53972629193199 1.00000000000000
2039.21862237108871 1088.41359089547768 2.53918004512854 1.00000000000000
2039.08673625643132 1088.50899660401046 2.54055471855302 1.00000000000000
2038.95946640986949 1088.60065247677267 2.54169672788180 1.00000000000000
2038.83444086258532 1088.69092193292454 2.54182162034329 1.00000000000000
2038.71089799358742 1088.77952641109005 2.54344396651369 1.00000000000000
2038.58811958011938 1088.86722170468420 2.54409559378941 1.00000000000000
2038.46681086509489 1088.95373978232965 2.54415105807966 1.00000000000000
2038.34728732402436 1089.03924032812938 2.54540680410040 1.00000000000000
2038.22862562490627 1089.12389829056337 2.54655631233084 1.00000000000000
2038.10977313324111 1089.20849360106513 2.54690481959283 1.00000000000000
2037.99208988453029 1089.29281698493287 2.54781847240839 1.00000000000000
2037.87448232929455 1089.37583274999633 2.54882970607428 1.00000000000000
2037.75771182309836 1089.45816602976993 2.54894144722038 1.00000000000000
2037.64183308382053 1089.54015650274232 2.54984294045480 1.00000000000000
2037.52666799526196 1089.62132309237495 2.55081803128437 1.00000000000000
2037.41166647756472 1089.70247154263780 2.55130594988655 1.00000000000000
2037.29697591834702 1089.78312284033746 2.55200793004604 1.00000000000000
2037.18294296762906 1089.86285418225452 2.55333730654121 1.00000000000000
2037.06940220471006 1089.94185013649985 2.55392490022626 1.00000000000000
2036.95638973859604 1090.02125142328441 2.55375575078878 1.00000000000000
2036.84375992731657 1090.09956031199545 2.55544442365962 1.00000000000000
2036.73198233428411 1090.17748918104917 2.55683560273380 1.00000000000000
2036.62069266696926 1090.25443515786901 2.55721650099359 1.00000000000000
2036.51063591771526 1090.33123063761741 2.55769013328583 1.00000000000000
2036.40032826538663 1090.40737069677562 2.55865785783278 1.00000000000000
2036.29039745742921 1090.48383170412853 2.55884230618398 1.00000000000000
2036.18018107843818 1090.56007447140291 2.56062123468576 1.00000000000000
2036.07024489098694 1090.63565090997145 2.56126869378167 1.00000000000000
2035.96039911586558 1090.71091811452061 2.56123698092943 1.00000000000000
2035.85071834630799 1090.78656157944351 2.56251594683877 1.00000000000000
2035.74060339038260 1090.86196897318587 2.56371728954379 1.00000000000000
2035.63151155266678 1090.93688938301057 2.56347792512508 1.00000000000000
2035.52214753173757 1091.01185751380399 2.56430884787897 1.00000000000000
2035.41209472669289 1091.08716171374545 2.56578967588438 1.00000000000000
2035.30167408724083 1091.16239075642079 2.56615173985351 1.00000000000000
2035.19030284456676 1091.23802593629807 2.56650886771429 1.00000000000000
2035.07952478621155 1091.31305113108829 2.56766442848127 1.00000000000000
2034.96825381694362 1091.38843214372173 2.56838900962858 1.00000000000000
2034.85586915176827 1091.46455719461665 2.56894861210210 1.00000000000000
2034.74304039514391 1091.54028069972992 2.57038344504895 1.00000000000000
2034.62991245416924 1091.61560983583331 2.57133661776537 1.00000000000000
2034.51660833030473 1091.69229688774794 2.57167585243143 1.00000000000000
2034.40251463686582 1091.76832871139050 2.57244391765660 1.00000000000000
2034.28716364316642 1091.84566371561959 2.57366837469967 1.00000000000000
2034.17158148542512 1091.92293478036299 2.57442704834250 1.00000000000000
2034.05470274097752 1092.00128503609449 2.57482853521749 1.00000000000000
2033.93716514657717 1092.07966219540685 2.57582068082895 1.00000000000000
2033.81890729698353 1092.15852473909035 2.57626626394462 1.00000000000000
2033.69966337695951 1092.23795141512528 2.57700463678729 1.00000000000000
2033.57973538740771 1092.31827498972416 2.57755616694752 1.00000000000000
2033.45874750404619 1092.39908733824268 2.57786273041754 1.00000000000000
2033.33688658935716 1092.48047357099131 2.57888027562715 1.00000000000000
2033.21317918272689 1092.56199933681637 2.57919648180905 1.00000000000000
2033.08876945427619 1092.64509084634483 2.57897887191563 1.00000000000000
2032.96266661060508 1092.72806298080832 2.58048460305501 1.00000000000000
2032.83581936359406 1092.81170734390616 2.58120733007627 1.00000000000000
2032.70826278976165 1092.89630026882514 2.58142157579336 1.00000000000000
2032.57912405487150 1092.98069804254919 2.58187686120026 1.00000000000000
2032.44884414249100 1093.06568054063246 2.58315666904283 1.00000000000000
2032.31876505428227 1093.15073588583618 2.58407056072666 1.00000000000000
2032.18871571542695 1093.23602221393958 2.58373569223388 1.00000000000000
2032.05890894902404 1093.32168917963281 2.58463011291931 1.00000000000000
2031.92875531403115 1093.40673987241462 2.58606312934382 1.00000000000000
2031.80033758317586 1093.49096464784816 2.58639078715666 1.00000000000000
2031.67726458405377 1093.57139761326835 2.58735835207197 1.00000000000000
2031.55304218956735 1093.65247481130064 2.58787037915592 1.00000000000000
2031.42911968880799 1093.73272151825950 2.58854937621870 1.00000000000000
2031.30602305248613 1093.81297082686797 2.58932359496638 1.00000000000000
2031.18525887932628 1093.89102118182927 2.59032106516661 1.00000000000000
2031.06740954803536 1093.96851862221956 2.59019913350469 1.00000000000000
2030.95069828693522 1094.04423456126824 2.59065363776146 1.00000000000000
2030.83679610170657 1094.11851137178019 2.59151659102486 1.00000000000000
2030.72461018385366 1094.19129162654281 2.59224869527882 1.00000000000000
2030.61506212508539 1094.26267793029547 2.59300445281839 1.00000000000000
2030.50807899970096 1094.33216228848323 2.59359721689596 1.00000000000000
2030.40359432919649 1094.40005623828620 2.59342719845089 1.00000000000000
2030.29949282523012 1094.46649406384677 2.59466092114257 1.00000000000000
2030.19866052892758 1094.53229262912646 2.59507264802135 1.00000000000000
2030.09993367188144 1094.59603502741084 2.59504144402464 1.00000000000000
2030.00439594185445 1094.65874748909846 2.59529158537869 1.00000000000000
2029.91082958510378 1094.71920150611550 2.59599014325259 1.00000000000000
2029.81933726067655 1094.77871243283153 2.59598804454985 1.00000000000000
2029.73013826576062 1094.83639727812260 2.59661201491514 1.00000000000000
2029.64334104466252 1094.89225255977362 2.59694808281327 1.00000000000000
2029.55843007646035 1094.94702791608870 2.59687579519637 1.00000000000000
2029.43664199189516 1095.02608788805082 2.59694544224871 1.00000000000000
2029.31656211591326 1095.10216970555484 2.59831996290538 1.00000000000000
2029.20410808036104 1095.17568302666768 2.59769482200721 1.00000000000000
2029.09213225624990 1095.24633498303592 2.59939961405389 1.00000000000000
2028.98855355975684 1095.31323612481356 2.59964310103476 1.00000000000000
2028.88676912023220 1095.37743203667924 2.60043275481653 1.00000000000000
2028.79305065999506 1095.43840935546905 2.60090027146763 1.00000000000000
2028.70102499634959 1095.49657395901158 2.60117601458070 1.00000000000000
2028.58768795698415 1095.56881241500378 2.60202137735356 1.00000000000000
2028.48073971422855 1095.63669360242784 2.60302570864297 1.00000000000000
2028.37949681753526 1095.70041541382670 2.60432855458625 1.00000000000000
2028.28499240498058 1095.75986910937354 2.60522316147434 1.00000000000000
2028.19741294672713 1095.81511318869889 2.60573815711071 1.00000000000000
2028.09869011060800 1095.87718742806464 2.60688761966797 1.00000000000000
2028.00973425549455 1095.93202196387574 2.60785468592511 1.00000000000000
2027.91804810205940 1095.98811400914565 2.60980655617428 1.00000000000000
2027.82256438472541 1096.04743422474712 2.61117811981296 1.00000000000000
2027.73664085660130 1096.10091957263649 2.61333412975821 1.00000000000000
