-166.07903865713160 1307.12856955640018 2.97308109278989 1.00000000000000
-166.18560281849932 1307.15527323959395 2.97312300085576 1.00000000000000
-166.30471639905591 1307.18326565390453 2.97420702391128 1.00000000000000
-166.40824885061011 1307.20745883835480 2.97536584765971 1.00000000000000
-166.52848354860907 1307.23605594364926 2.97623982713802 1.00000000000000
-166.63037495815661 1307.26276466995478 2.97634520934680 1.00000000000000
-166.74334807286505 1307.28799541946501 2.97713682085885 1.00000000000000
-166.86347547499463 1307.32122987415642 2.97595164334447 1.00000000000000
-166.99444711976685 1307.35155318118632 2.97691426665062 1.00000000000000
-167.13241612026468 1307.39147184742615 2.97527888722617 1.00000000000000
-167.22878983290866 1307.41922417934984 2.97373888783340 1.00000000000000
-167.32861485960893 1307.44856067793444 2.97251776765096 1.00000000000000
-167.43113678658847 1307.47896006656811 2.97182157349038 1.00000000000000
-167.53635807690443 1307.51061164494604 2.97052690620432 1.00000000000000
-167.64378308388405 1307.54324455792084 2.97024673102639 1.00000000000000
-167.75375695305411 1307.57661533029750 2.97081866200306 1.00000000000000
-167.86609421018511 1307.61063219932839 2.97126198697467 1.00000000000000
-167.98051236406900 1307.64531889837235 2.97133973510328 1.00000000000000
-168.09691101347562 1307.68063447950408 2.97221728393149 1.00000000000000
-168.21520656032953 1307.71650674799457 2.97371863818928 1.00000000000000
-168.33568682003533 1307.75228655058891 2.97562007893445 1.00000000000000
-168.45819011563435 1307.78836612030864 2.97810526112031 1.00000000000000
-168.58317123231245 1307.82432530354708 2.98091609135940 1.00000000000000
-168.71100424614269 1307.86022437084466 2.98410004153336 1.00000000000000
-168.84094071714208 1307.89553112303838 2.98930934201865 1.00000000000000
-168.97268793062540 1307.93006589915603 2.99405587722663 1.00000000000000
-169.10604664497077 1307.96387177845463 2.99835988322631 1.00000000000000
-169.24125078122597 1307.99740838119760 3.00420999321330 1.00000000000000
-169.37881698179990 1308.02965642744675 3.01049897232796 1.00000000000000
-169.51765777869150 1308.06096318317577 3.01648719370744 1.00000000000000
-169.65846687788144 1308.09072422143072 3.02351363831927 1.00000000000000
-169.80090147344163 1308.11948094516993 3.03075509244182 1.00000000000000
-169.94548491644673 1308.14671640750021 3.03790585625907 1.00000000000000
-170.09212771261809 1308.17256447207183 3.04557464486199 1.00000000000000
-170.24037260847399 1308.19658564729616 3.05410616045133 1.00000000000000
-170.39003694849089 1308.21881966339424 3.06353797952153 1.00000000000000
-170.54009822465014 1308.23944343021140 3.07252228527049 1.00000000000000
-170.69116763782222 1308.25785413943231 3.08186121480874 1.00000000000000
-170.84377605456393 1308.27455567847937 3.09109271332085 1.00000000000000
-170.99640907003777 1308.28931511612609 3.10056648635087 1.00000000000000
-171.14920364553109 1308.30227153981104 3.11018254957473 1.00000000000000
-171.30190458014840 1308.31285199895501 3.11954767803235 1.00000000000000
-171.45440522936406 1308.32199256774038 3.12807028008154 1.00000000000000
-171.60603378235828 1308.32949100155383 3.13731532150531 1.00000000000000
-171.75723358045798 1308.33378264773637 -3.13561405867648 1.00000000000000
-171.90837251988705 1308.33650718955323 -3.12657244825012 1.00000000000000
-172.06021010264521 1308.33754019532353 -3.11769463991623 1.00000000000000
-172.21166502893902 1308.33695916272700 -3.10870737484953 1.00000000000000
-172.36354797380045 1308.33527075778693 -3.10092226900308 1.00000000000000
-172.51512353785802 1308.33240472245961 -3.09338241288962 1.00000000000000
-172.66600852855481 1308.32819394813851 -3.08539681486855 1.00000000000000
-172.81674600986298 1308.32270105555654 -3.07746875968650 1.00000000000000
-172.96710713882931 1308.31593102961779 -3.06978499892027 1.00000000000000
-173.11702938727103 1308.30816168850288 -3.06304380500607 1.00000000000000
-173.26750472828280 1308.29937355127186 -3.05509616670195 1.00000000000000
-173.41787962254602 1308.28939642431214 -3.04762208579463 1.00000000000000
-173.56815740437014 1308.27871675137430 -3.04127964548044 1.00000000000000
-173.71812986407895 1308.26708320621401 -3.03472406905787 1.00000000000000
-173.86865751160076 1308.25427156314254 -3.02841453787903 1.00000000000000
-174.01947786984965 1308.24017410539091 -3.02284509789755 1.00000000000000
-174.17006958991988 1308.22533439472318 -3.01855120566198 1.00000000000000
-174.32012154883705 1308.20999348443002 -3.01376787309851 1.00000000000000
-174.47087978362106 1308.19390464341268 -3.00970239220933 1.00000000000000
-174.62152327387594 1308.17738886177540 -3.00699731931083 1.00000000000000
-174.77236869628541 1308.15996690653265 -3.00432556865340 1.00000000000000
-174.92394267738564 1308.14256245642900 -3.00208435619459 1.00000000000000
-175.07586074463325 1308.12474120035768 -3.00113364896287 1.00000000000000
-175.22809688409325 1308.10704971803352 -3.00082917826777 1.00000000000000
-175.38039035385009 1308.08931497624144 -3.00066350387736 1.00000000000000
-175.53286601108266 1308.07162129832432 -3.00111860491436 1.00000000000000
-175.68520164967049 1308.05441222945228 -3.00317238204143 1.00000000000000
-175.83771407010499 1308.03806203370914 -3.00637517526088 1.00000000000000
-175.99026952800341 1308.02220286894590 -3.00971441409815 1.00000000000000
-176.14301175170112 1308.00737052597106 -3.01372155578751 1.00000000000000
-176.29598415759392 1307.99308379180729 -3.01771307802395 1.00000000000000
-176.44962815195322 1307.97959838667884 -3.02184138783062 1.00000000000000
-176.60386039613513 1307.96680712886155 -3.02691083451144 1.00000000000000
-176.75891062075971 1307.95488041359931 -3.03252847986923 1.00000000000000
-176.91380926279817 1307.94364127283916 -3.03852645692698 1.00000000000000
-177.06897755921818 1307.93378712842241 -3.04617679752923 1.00000000000000
-177.22443061380181 1307.92553897481412 -3.05377159201911 1.00000000000000
-177.38075551018119 1307.91873129550368 -3.06088787901281 1.00000000000000
-177.53720857354347 1307.91323088761419 -3.06959769463258 1.00000000000000
-177.69386850192677 1307.90942562557757 -3.07978972503594 1.00000000000000
-177.85142496560002 1307.90719957323745 -3.09029350344515 1.00000000000000
-178.00890693953261 1307.90702454838902 -3.10178312888676 1.00000000000000
-178.16687218425795 1307.90884053986520 -3.11478188601406 1.00000000000000
-178.32521141477628 1307.91293132817373 -3.12784548387895 1.00000000000000
-178.48371873016004 1307.91913124965504 -3.14150942329231 1.00000000000000
-178.64221425651340 1307.92820606194437 3.12575424394870 1.00000000000000
-178.80042755324394 1307.93987720739096 3.11012839297849 1.00000000000000
-178.95883336430416 1307.95420221239328 3.09507463604826 1.00000000000000
-179.11768990196288 1307.97114113578573 3.07906156022958 1.00000000000000
-179.27637311839499 1307.99081418523565 3.06271529470569 1.00000000000000
-179.43469367478974 1308.01322831958532 3.04671244807250 1.00000000000000
-179.59250631369650 1308.03841135231778 3.03117755769809 1.00000000000000
-179.75032916414784 1308.06627388997003 3.01472347917043 1.00000000000000
-179.90832206048071 1308.09689495153725 2.99739039742124 1.00000000000000
-180.06572967517423 1308.13071064092219 2.98069476442005 1.00000000000000
-180.22266900399700 1308.16737088002264 2.96226226406815 1.00000000000000
-180.37871524412185 1308.20718201110139 2.94327486122454 1.00000000000000
-180.53426663711434 1308.24986323947087 2.92423215699821 1.00000000000000
-180.68905785901006 1308.29571697488427 2.90434514408880 1.00000000000000
-180.84361294208793 1308.34507218003273 2.88442694457424 1.00000000000000
-180.99710603011772 1308.39745025197044 2.86444204114430 1.00000000000000
-181.14948867086787 1308.45317353960127 2.84356170255746 1.00000000000000
-181.30081464583054 1308.51197353424504 2.82252774163782 1.00000000000000
-181.45096726139309 1308.57421698374674 2.80147597057252 1.00000000000000
-181.59977838583291 1308.64011911489069 2.77965899777420 1.00000000000000
-181.74784821749199 1308.70923107722774 2.75827436319413 1.00000000000000
-181.89468554849736 1308.78176118340343 2.73624634766347 1.00000000000000
-182.04049991653301 1308.85801087226719 2.71378052854042 1.00000000000000
-182.18432331894292 1308.93751203408465 2.69110258589414 1.00000000000000
-182.32638971332926 1309.02019588835537 2.66917446720937 1.00000000000000
-182.46679253014736 1309.10554230213165 2.64742313527454 1.00000000000000
-182.60514236183371 1309.19372554076836 2.62449489829506 1.00000000000000
-182.74159084318671 1309.28519894415513 2.60221692699016 1.00000000000000
-182.87600234826095 1309.37975124549121 2.58053335153168 1.00000000000000
-183.00837792071979 1309.47717818664387 2.55828072934454 1.00000000000000
-183.13853149663191 1309.57731178682297 2.53568230730399 1.00000000000000
-183.26666189695243 1309.68050565430894 2.51339088114439 1.00000000000000
-183.39320824795868 1309.78679523384199 2.49140235585760 1.00000000000000
-183.51717376703164 1309.89565025689080 2.46922036549117 1.00000000000000
-183.63851902366150 1310.00681299204007 2.44840145231823 1.00000000000000
-183.75811335735489 1310.12081145029515 2.42855468995944 1.00000000000000
-183.87548236123985 1310.23692191252485 2.40927185964031 1.00000000000000
-183.99082023114897 1310.35526976967230 2.39008170642325 1.00000000000000
-184.10401087149512 1310.47526681981981 2.37138801913552 1.00000000000000
-184.21526195510523 1310.59763793367893 2.35266449514492 1.00000000000000
-184.32473179051885 1310.72254822263494 2.33350242418809 1.00000000000000
-184.43180781067349 1310.84918506955728 2.31424066679380 1.00000000000000
-184.53660653351108 1310.97784885298461 2.29645271077412 1.00000000000000
-184.63930113276001 1311.10775439208373 2.27920979624553 1.00000000000000
-184.73984672536608 1311.23857997404411 2.26177105987950 1.00000000000000
-184.83872890961356 1311.37134741107002 2.24701274167723 1.00000000000000
-184.93607172765769 1311.50518740713596 2.23369696894079 1.00000000000000
-185.03131752763875 1311.64010245213285 2.21875212569677 1.00000000000000
-185.12412625679281 1311.77540118526667 2.20563156192137 1.00000000000000
-185.21535651350860 1311.91129773342982 2.19468008997521 1.00000000000000
-185.30535211146343 1312.04912724671885 2.18191841201227 1.00000000000000
-185.39405974140391 1312.18753550108522 2.16851720752236 1.00000000000000
-185.48178588610608 1312.32671381300315 2.15870531779544 1.00000000000000
-185.56886734371074 1312.46743293898180 2.14885236481447 1.00000000000000
-185.65507123596035 1312.60945410653949 2.13743473550806 1.00000000000000
-185.73953843454365 1312.75212987558916 2.12824161159414 1.00000000000000
-185.82323511491995 1312.89451733604074 2.12139264175564 1.00000000000000
-185.90628123679198 1313.03723923768848 2.11399488168154 1.00000000000000
-185.98874164203880 1313.18026030529290 2.10619842618918 1.00000000000000
-186.07089336839272 1313.32486711768433 2.10050742075314 1.00000000000000
-186.15248004067689 1313.47057602088898 2.09433174272561 1.00000000000000
-186.23350246157497 1313.61707809846848 2.08809724567486 1.00000000000000
-186.31434823817108 1313.76441757101566 2.08323465822058 1.00000000000000
-186.39490810665302 1313.91236869990826 2.07875441042918 1.00000000000000
-186.47590742795728 1314.06187089532614 2.07349775068656 1.00000000000000
-186.55775871011429 1314.21372420340776 2.06960708022467 1.00000000000000
-186.63965872488916 1314.36648895079270 2.06695779432413 1.00000000000000
-186.72222703113221 1314.52063470007852 2.06602162103683 1.00000000000000
-186.80633732426213 1314.67677499214187 2.06681569571532 1.00000000000000
-186.89137008227408 1314.83531038137153 2.06801550291266 1.00000000000000
-186.97843439818826 1314.99534769775346 2.06962851165220 1.00000000000000
-187.06643373792758 1315.15723760845140 2.07160484527727 1.00000000000000
-187.15647911338601 1315.32074358826503 2.07365845815344 1.00000000000000
-187.24855224823114 1315.48618135740981 2.07596870428501 1.00000000000000
-187.34233042562846 1315.65302215144038 2.07897348632323 1.00000000000000
-187.43768505385378 1315.82134688133374 2.08260297600768 1.00000000000000
-187.53489328466821 1315.99081609304994 2.08747366852313 1.00000000000000
-187.63432225491852 1316.16162795992568 2.09356033109843 1.00000000000000
-187.73595382785425 1316.33365536155179 2.09959429237121 1.00000000000000
-187.78557180194184 1316.42066217539832 2.10242279009741 1.00000000000000
-187.83998294977937 1316.50661813886836 2.10666790788074 1.00000000000000
-187.89073059440125 1316.59413638291880 2.10979695330370 1.00000000000000
-187.94611021166202 1316.68052520649508 2.11430707747380 1.00000000000000
-187.99824475636706 1316.76873638667166 2.11832216071920 1.00000000000000
-188.05468827346340 1316.85513935796916 2.12341652204593 1.00000000000000
-188.10777347243857 1316.94317126274109 2.12741751619277 1.00000000000000
-188.16585502761882 1317.03014727681875 2.13260491790889 1.00000000000000
-188.22057069209404 1317.11895945155993 2.13700605426474 1.00000000000000
-188.28044076822698 1317.20614363672212 2.14272608821712 1.00000000000000
-188.33628215722274 1317.29474625037983 2.14738938655831 1.00000000000000
-188.39743681042455 1317.38200488174334 2.15323796811333 1.00000000000000
-188.45477238210151 1317.47086517373100 2.15811615976664 1.00000000000000
-188.51768378098495 1317.55810887739062 2.16425171573801 1.00000000000000
-188.57656878384296 1317.64717771206051 2.16934894759472 1.00000000000000
-188.64141844690312 1317.73439152445644 2.17548276211781 1.00000000000000
-188.70190422079759 1317.82369850901887 2.18048268144519 1.00000000000000
-188.76779639709275 1317.91075487667695 2.18683628617949 1.00000000000000
-188.82960316614481 1317.99972647801042 2.19241788756633 1.00000000000000
-188.89687476045219 1318.08648993261158 2.19957738404401 1.00000000000000
-188.96015856380109 1318.17512046918273 2.20564870925252 1.00000000000000
-189.02901709347498 1318.26152665261179 2.21259466365282 1.00000000000000
-189.09354080358753 1318.34954273421317 2.21814485020650 1.00000000000000
-189.16409616591409 1318.43587497714907 2.22488174753498 1.00000000000000
-189.23034568200819 1318.52389542106539 2.23063870997389 1.00000000000000
-189.30245435470715 1318.61020133364946 2.23755453284456 1.00000000000000
-189.37053448287770 1318.69826600374654 2.24362800655245 1.00000000000000
-189.44410693238024 1318.78378402674571 2.25066569758805 1.00000000000000
-189.51327249594033 1318.87090880237520 2.25654400338697 1.00000000000000
-189.58850582281593 1318.95605355082080 2.26359393526612 1.00000000000000
-189.65945934643969 1319.04307194612920 2.26958511168270 1.00000000000000
-189.73564654507209 1319.12813241779804 2.27649134215979 1.00000000000000
-189.80802658345783 1319.21460712887347 2.28245424959792 1.00000000000000
-189.88564527546987 1319.29876529797912 2.28933697053895 1.00000000000000
-189.95962477161083 1319.38484739465639 2.29548937540233 1.00000000000000
-190.03920107160229 1319.46820341190323 2.30267736116296 1.00000000000000
-190.11447443440557 1319.55349266994745 2.30869771805212 1.00000000000000
-190.19537707732525 1319.63666180334985 2.31578173252685 1.00000000000000
-190.27228249062318 1319.72151327272877 2.32192665397686 1.00000000000000
-190.35442350507947 1319.80403700191528 2.32943991943916 1.00000000000000
-190.43277411186136 1319.88809042656794 2.33607701267564 1.00000000000000
-190.51637511595618 1319.96977243758738 2.34336165620257 1.00000000000000
-190.59601783088874 1320.05287927249447 2.34988433584649 1.00000000000000
-190.68113761406858 1320.13357843551785 2.35743957717483 1.00000000000000
-190.76250194478780 1320.21611152309924 2.36411847851552 1.00000000000000
-190.84902235318441 1320.29609295912087 2.37186224187554 1.00000000000000
-190.93212583806599 1320.37794271390885 2.37899260051497 1.00000000000000
-191.01954307808774 1320.45665936917067 2.38684880201224 1.00000000000000
-191.10365276841912 1320.53703273506835 2.39420291147653 1.00000000000000
-191.19253844412742 1320.61476098140702 2.40243479594564 1.00000000000000
-191.27787549345521 1320.69382997369394 2.40975611369382 1.00000000000000
-191.36770831095055 1320.77014162763953 2.41792597129954 1.00000000000000
-191.45424709422514 1320.84783626161516 2.42546140984028 1.00000000000000
-191.54522386199096 1320.92280878312886 2.43388236382676 1.00000000000000
-191.63312121637864 1320.99920888338238 2.44167881575432 1.00000000000000
-191.72501130774617 1321.07271305751055 2.45002748787872 1.00000000000000
-191.81405165628530 1321.14757939102128 2.45812444353657 1.00000000000000
-191.90715099778026 1321.21973228128627 2.46711078336005 1.00000000000000
-191.99754403822590 1321.29310459783301 2.47572922367082 1.00000000000000
-192.09191637171898 1321.36377129424363 2.48487013246031 1.00000000000000
-192.18359171139309 1321.43555095884949 2.49342021255334 1.00000000000000
-192.27891779830679 1321.50474903639406 2.50259330450990 1.00000000000000
-192.37194759957492 1321.57495859684423 2.51128694043355 1.00000000000000
-192.46851614053594 1321.64224733039737 2.52057953466829 1.00000000000000
-192.56259999214672 1321.71059021214023 2.52963879650939 1.00000000000000
-192.66038013581419 1321.77641281625256 2.53912375720021 1.00000000000000
-192.75585346575826 1321.84311909088865 2.54817765602950 1.00000000000000
-192.85406170703936 1321.90651173098013 2.55779066564373 1.00000000000000
-192.95005803077947 1321.97094703605399 2.56696352508865 1.00000000000000
-193.04898339975625 1322.03242048434913 2.57665654905585 1.00000000000000
-193.14608887571376 1322.09494929248467 2.58613625296167 1.00000000000000
-193.24582838517381 1322.15453318459913 2.59626642916805 1.00000000000000
-193.34372818202246 1322.21488113561645 2.60608133284810 1.00000000000000
-193.44427888188511 1322.27200912451372 2.61620966203594 1.00000000000000
-193.54286465304904 1322.33013675222173 2.62582415910918 1.00000000000000
-193.64366778417025 1322.38509335555136 2.63570922664586 1.00000000000000
-193.74260462226812 1322.44084060285240 2.64541195038539 1.00000000000000
-193.84364703227766 1322.49347398849204 2.65546555534881 1.00000000000000
-193.94319108355558 1322.54702098201960 2.66514753644996 1.00000000000000
-194.04441180289723 1322.59748362330720 2.67507743331031 1.00000000000000
-194.14449093653820 1322.64884899742901 2.68448448886640 1.00000000000000
-194.24623816384701 1322.69691490987316 2.69443317719808 1.00000000000000
-194.34646174282534 1322.74586902651936 2.70433352050382 1.00000000000000
-194.44865264929831 1322.79181557428092 2.71448576141484 1.00000000000000
-194.54916175897233 1322.83847875008360 2.72424311214894 1.00000000000000
-194.65168319118675 1322.88185408990830 2.73442998180853 1.00000000000000
-194.75292214145884 1322.92638955498114 2.74455503085464 1.00000000000000
-194.85571370599791 1322.96746416995302 2.75488627646285 1.00000000000000
-194.95742945314851 1323.00974985212088 2.76513787640060 1.00000000000000
-195.06081191700650 1323.04854218102992 2.77559931819414 1.00000000000000
-195.16343784454511 1323.08872468629852 2.78610211378722 1.00000000000000
-195.26724452082999 1323.12533096596599 2.79679340625759 1.00000000000000
-195.37003948219353 1323.16310265613720 2.80734291623912 1.00000000000000
-195.47420712059829 1323.19765363028273 2.81802638239791 1.00000000000000
-195.57776952418499 1323.23326306231320 2.82838064656683 1.00000000000000
-195.68248702189885 1323.26566087827086 2.83896015415466 1.00000000000000
-195.78674142225645 1323.29906288115308 2.84957692160835 1.00000000000000
-195.89253654121421 1323.32888668496162 2.86058535462308 1.00000000000000
-195.99758518731687 1323.36009135423228 2.87107587755439 1.00000000000000
-196.10397606680635 1323.38801176147535 2.88157677956997 1.00000000000000
-196.21015601232648 1323.41715654218569 2.89189699997101 1.00000000000000
-196.31741375534330 1323.44321826379746 2.90251345011064 1.00000000000000
-196.42468883882975 1323.47023647045717 2.91319413584766 1.00000000000000
-196.53226601239294 1323.49386768182740 2.92397100609952 1.00000000000000
-196.63981446286198 1323.51853767037392 2.93461816206205 1.00000000000000
-196.74765226896852 1323.53966079559177 2.94532741589983 1.00000000000000
-196.85553081129910 1323.56200505094603 2.95593038297612 1.00000000000000
-196.96370204590494 1323.58110351441428 2.96667333914380 1.00000000000000
-197.07211871386971 1323.60118365008384 2.97712717683034 1.00000000000000
-197.18069139332511 1323.61770619358867 2.98757629005063 1.00000000000000
-197.28937063715421 1323.63550493493676 2.99789570943115 1.00000000000000
-197.39843019435648 1323.65006754547358 3.00839834183642 1.00000000000000
-197.50736501539359 1323.66558216093108 3.01887756388667 1.00000000000000
-197.61669193068519 1323.67760879499838 3.02952071560137 1.00000000000000
-197.72583951184060 1323.69085659040138 3.03969399763307 1.00000000000000
-197.83503100485541 1323.70063407579437 3.05001138748760 1.00000000000000
-197.94471380161121 1323.71165039623156 3.06037978617447 1.00000000000000
-198.05418204766465 1323.71905345609412 3.07093787364131 1.00000000000000
-198.16398543096147 1323.72778889350593 3.08123143612573 1.00000000000000
-198.27322418952826 1323.73289912613109 3.09143480715379 1.00000000000000
-198.38277083786670 1323.73946134140715 3.10072932549022 1.00000000000000
-198.49212115851697 1323.74190448597074 3.11033130322775 1.00000000000000
-198.60159560397733 1323.74638263601810 3.11943344723258 1.00000000000000
-198.71096026175655 1323.74696112843230 3.12901211206799 1.00000000000000
-198.82049325318076 1323.74942256789654 3.13784659815887 1.00000000000000
-198.92923725757282 1323.74795307265595 -3.13617955716086 1.00000000000000
-199.03853570332285 1323.74846781045198 -3.12768608849735 1.00000000000000
-199.14689516398357 1323.74340461008251 -3.11835895318550 1.00000000000000
-199.25529984891182 1323.74208136508241 -3.11097961591672 1.00000000000000
-199.36294440663187 1323.73599146213382 -3.10307509191806 1.00000000000000
-199.47154309350299 1323.73303801054135 -3.09639747452152 1.00000000000000
-199.57763891090872 1323.72601881995797 -3.08877266891208 1.00000000000000
-199.68473546800669 1323.72155672684312 -3.08209063661699 1.00000000000000
-199.78991894668434 1323.71347289392725 -3.07516279737305 1.00000000000000
-199.89581052283756 1323.70773533824831 -3.06984091945956 1.00000000000000
-199.99971501680557 1323.69853097992018 -3.06429606168281 1.00000000000000
-200.10456246521790 1323.69172363588586 -3.05966528618497 1.00000000000000
-200.20786728069652 1323.68204151745886 -3.05425809624167 1.00000000000000
-200.31215165415779 1323.67421777453274 -3.04972765344575 1.00000000000000
-200.41410069842823 1323.66410955181345 -3.04495212311321 1.00000000000000
-200.51657153043197 1323.65551319764927 -3.04109570271155 1.00000000000000
-200.61661118932534 1323.64502954389900 -3.03701516004413 1.00000000000000
-200.71816578973085 1323.63572407932952 -3.03366777472722 1.00000000000000
-200.91676183813252 1323.61525060096756 -3.02803596999982 1.00000000000000
-201.11332665197551 1323.59492374630645 -3.02487946188381 1.00000000000000
-201.30785577185452 1323.57472980208695 -3.02146496439780 1.00000000000000
-201.50107696925988 1323.55565785011277 -3.01908090226263 1.00000000000000
-201.69163250084966 1323.53683199454099 -3.01798827004120 1.00000000000000
-201.88008481101133 1323.51875582057983 -3.01632484108279 1.00000000000000
-202.06609756068792 1323.50067356508225 -3.01366418961981 1.00000000000000
-202.25028812780511 1323.48279914865270 -3.01279279834777 1.00000000000000
-202.43239650403848 1323.46536473138258 -3.01232186212297 1.00000000000000
-202.61323080142029 1323.44819290842861 -3.01115320399093 1.00000000000000
-202.79149162280373 1323.43138960190117 -3.01011338239615 1.00000000000000
-202.96786776697263 1323.41506747668609 -3.01073508376479 1.00000000000000
-203.14378656097688 1323.39910689136013 -3.01142853436075 1.00000000000000
-203.31797843164532 1323.38373831473291 -3.01290562089073 1.00000000000000
-203.49108709249413 1323.36918218946084 -3.01478415555132 1.00000000000000
-203.66340330208186 1323.35524288052693 -3.01674912870171 1.00000000000000
-203.83533283229917 1323.34193001361564 -3.01891926829452 1.00000000000000
-204.00747521768790 1323.32904007611796 -3.02211695801888 1.00000000000000
-204.18062662205193 1323.31695356825367 -3.02639247576435 1.00000000000000
-204.35496689344291 1323.30596375558525 -3.03102480850009 1.00000000000000
-204.53198286739644 1323.29541670577601 -3.03584845919960 1.00000000000000
-204.71056645631324 1323.28589948825538 -3.04279994026723 1.00000000000000
-204.89197992108529 1323.27776919072494 -3.05075781914240 1.00000000000000
-205.07474504597485 1323.27092013275251 -3.05819754208651 1.00000000000000
-205.25961436843500 1323.26597473910078 -3.06747203149720 1.00000000000000
-205.44752170622814 1323.26305027212948 -3.07910766257337 1.00000000000000
-205.63765266485279 1323.26257675886154 -3.09076828576100 1.00000000000000
-205.83020198298618 1323.26452864892781 -3.10296851794396 1.00000000000000
-206.02280756388791 1323.26913917949423 -3.11754784178246 1.00000000000000
-206.21640204126015 1323.27667121123523 -3.13385512568054 1.00000000000000
-206.41101859183982 1323.28783320682123 3.13226765463488 1.00000000000000
-206.60641442594351 1323.30228806566447 3.11304508020431 1.00000000000000
-206.80180498654954 1323.32127549545839 3.09310160779569 1.00000000000000
-206.99596265365835 1323.34427892649546 3.07329064223319 1.00000000000000
-207.18958390795160 1323.37149143731222 3.05200448231947 1.00000000000000
-207.38272616616450 1323.40311758592725 3.03120058536447 1.00000000000000
-207.57491815183312 1323.43885456072167 3.01073169116731 1.00000000000000
-207.76758021139540 1323.47872847924009 2.99034501579699 1.00000000000000
-207.95857290859567 1323.52258703764528 2.97000059995282 1.00000000000000
-208.14866120886290 1323.57090764539316 2.94920513374760 1.00000000000000
-208.33739690179937 1323.62319841096178 2.92828094021003 1.00000000000000
-208.52530789561570 1323.67935375915840 2.90770514008300 1.00000000000000
-208.71198122581700 1323.73949928116053 2.88618514745995 1.00000000000000
-208.89728857239243 1323.80365271074697 2.86445176078727 1.00000000000000
-209.08144858735614 1323.87180030718446 2.84276886687832 1.00000000000000
-209.26389445527457 1323.94406656222418 2.82142777417791 1.00000000000000
-209.44459651014768 1324.02018549945205 2.79970937016581 1.00000000000000
-209.62389138853177 1324.10023554041982 2.77695547053805 1.00000000000000
-209.80202156270389 1324.18480136105791 2.75387463364411 1.00000000000000
-209.97839013295015 1324.27350957132876 2.73056928480573 1.00000000000000
-210.15264746110188 1324.36655957903713 2.70612977587704 1.00000000000000
-210.32473928859690 1324.46368171228096 2.68116766967457 1.00000000000000
-210.49498787336051 1324.56516668200493 2.65585624960971 1.00000000000000
-210.66270524985157 1324.67122375266626 2.62946866339312 1.00000000000000
-210.74331360455835 1324.73044569883496 2.61509208525114 1.00000000000000
-210.90748042071937 1324.84340366534889 2.58878823574023 1.00000000000000
-211.06878656300250 1324.96022112853825 2.56209955272772 1.00000000000000
-211.22694356029388 1325.08117900602520 2.53594499000496 1.00000000000000
-211.38194588356419 1325.20632168650627 2.50998123686333 1.00000000000000
-211.53396350191906 1325.33562415977940 2.48294001035064 1.00000000000000
-211.68293129687663 1325.46931861480698 2.45532031928244 1.00000000000000
-211.82818967464846 1325.60710896039382 2.42738097096795 1.00000000000000
-211.96948378789239 1325.74870242364705 2.39909375416054 1.00000000000000
-212.04190154268872 1325.81772461859509 2.38543038216787 1.00000000000000
-212.10670522949658 1325.89443458802998 2.36912011622393 1.00000000000000
-212.23972812842112 1326.04375923145562 2.33964373279346 1.00000000000000
-212.36879691819195 1326.19743875879794 2.31062573284756 1.00000000000000
-212.43533290509367 1326.27314512850717 2.29682525757146 1.00000000000000
-212.49443643877748 1326.35561711853370 2.28072978299126 1.00000000000000
-212.55895990901627 1326.43361743586138 2.26679350319368 1.00000000000000
-212.61599137214944 1326.51782521652058 2.25070739780948 1.00000000000000
-212.67816283728462 1326.59776452090591 2.23661530987388 1.00000000000000
-212.73264198715333 1326.68413198785856 2.22040994564677 1.00000000000000
-212.79256057465682 1326.76622359221801 2.20613791188399 1.00000000000000
-212.84474007133394 1326.85410730307922 2.18988856527421 1.00000000000000
-212.90212865034118 1326.93802750948817 2.17538211048852 1.00000000000000
-212.95168783911504 1327.02775896294042 2.15878750725796 1.00000000000000
-213.00677609315608 1327.11395261297002 2.14417831078358 1.00000000000000
-213.05380504264031 1327.20496734557673 2.12772035113940 1.00000000000000
-213.10618379357038 1327.29283547261730 2.11308548224287 1.00000000000000
-213.15066521638073 1327.38544282177463 2.09677610536957 1.00000000000000
-213.20053870801348 1327.47527536936104 2.08245976370415 1.00000000000000
-213.24260332528502 1327.56944864662364 2.06639310072726 1.00000000000000
-213.28995580947958 1327.66119329631329 2.05231970926476 1.00000000000000
-213.32954690174665 1327.75706591457129 2.03634894350652 1.00000000000000
-213.37430510605918 1327.85058826068416 2.02233578234623 1.00000000000000
-213.41112505306955 1327.94811479235068 2.00671247307384 1.00000000000000
-213.45328113215510 1328.04330271156505 1.99311967315766 1.00000000000000
-213.48778174887411 1328.14150095265359 1.97812188826983 1.00000000000000
-213.52722358895699 1328.23784237261862 1.96510703965352 1.00000000000000
-213.55881418596255 1328.33763930527493 1.95048368820754 1.00000000000000
-213.59585832298035 1328.43565830867738 1.93822385220543 1.00000000000000
-213.62483689811779 1328.53625440131873 1.92461179752478 1.00000000000000
-213.65925021888688 1328.63495941925794 1.91290234539312 1.00000000000000
-213.68597166205291 1328.73645910294726 1.89993201670356 1.00000000000000
-213.71793724352028 1328.83590119099244 1.88886189504683 1.00000000000000
-213.74252732790774 1328.93821233371273 1.87628506148075 1.00000000000000
-213.77232364704832 1329.03906340990216 1.86536254979918 1.00000000000000
-213.79521868488519 1329.14201908418909 1.85351114571495 1.00000000000000
-213.82287427707342 1329.24399746861309 1.84324023185161 1.00000000000000
-213.84383285557851 1329.34772980678827 1.83193359055292 1.00000000000000
-213.86941959371325 1329.45079521322623 1.82210546442103 1.00000000000000
-213.88864638807718 1329.55493977619335 1.81096978370177 1.00000000000000
-213.91204206843395 1329.65844085393474 1.80128168630305 1.00000000000000
-213.92981341842096 1329.76277544116601 1.79104280126803 1.00000000000000
-213.95119513093960 1329.86671055248007 1.78224842399452 1.00000000000000
-213.96746449725470 1329.97102109249681 1.77295482143191 1.00000000000000
-213.98696634202497 1330.07522727176547 1.76481297743735 1.00000000000000
-214.00194650288904 1330.17957398295403 1.75597485684295 1.00000000000000
-214.01966765761608 1330.28431310318410 1.74768029577809 1.00000000000000
-214.03326289361576 1330.38926405832171 1.73912052536226 1.00000000000000
-214.04932270711288 1330.49466046039015 1.73143983239688 1.00000000000000
-214.06204653251916 1330.60016697552055 1.72364953894166 1.00000000000000
-214.07656385505106 1330.70616009132937 1.71672109163474 1.00000000000000
-214.08795439207461 1330.81212248560041 1.70963576313632 1.00000000000000
-214.10102670744527 1330.91838789964095 1.70340483686462 1.00000000000000
-214.11111326434184 1331.02467953925952 1.69716576099719 1.00000000000000
-214.12298738682875 1331.13168469490483 1.69200674586350 1.00000000000000
-214.13230847741943 1331.23822191450745 1.68714742825445 1.00000000000000
-214.14320493733976 1331.34516212483868 1.68368907896083 1.00000000000000
-214.15225221624132 1331.45178391179070 1.68082921310376 1.00000000000000
-214.16255890246248 1331.55884067900479 1.67902660829428 1.00000000000000
-214.17143749247771 1331.66582645755261 1.67779977711453 1.00000000000000
-214.18156116059981 1331.77347512450069 1.67763274359653 1.00000000000000
-214.19112650351599 1331.88092722650617 1.67799346862666 1.00000000000000
-214.20135027036304 1331.98919721459970 1.67871445260420 1.00000000000000
-214.21158056362765 1332.09659931575879 1.68015343737942 1.00000000000000
-214.22211708722170 1332.20469833072275 1.68224896901057 1.00000000000000
-214.23329755268060 1332.31251013185829 1.68488576888934 1.00000000000000
-214.24438781250501 1332.42101248819381 1.68745237125305 1.00000000000000
-214.25703239056747 1332.52929521631449 1.69036473404212 1.00000000000000
-214.26877473562490 1332.63830191595480 1.69298872001557 1.00000000000000
-214.28301600698614 1332.74715328868479 1.69645158714409 1.00000000000000
-214.29549738159403 1332.85646570287645 1.69949432102634 1.00000000000000
-214.31142219383037 1332.96577025018632 1.70389446820033 1.00000000000000
-214.32478862657445 1333.07528940215707 1.70750192402009 1.00000000000000
-214.34231941279722 1333.18479738198221 1.71245102585778 1.00000000000000
-214.35676209256053 1333.29491157876328 1.71668574757517 1.00000000000000
-214.37617565877736 1333.40440607443452 1.72252956782725 1.00000000000000
-214.39178030967014 1333.51430343696848 1.72761208997940 1.00000000000000
-214.41312828683294 1333.62439579330385 1.73415575618000 1.00000000000000
-214.43021771055646 1333.73530909977853 1.73968883790555 1.00000000000000
-214.45339404814877 1333.84566010115668 1.74663400942599 1.00000000000000
-214.47191309934715 1333.95665686950088 1.75228561156734 1.00000000000000
-214.49740562768420 1334.06720867799595 1.75971000924063 1.00000000000000
-214.51753773092059 1334.17854538233951 1.76594963295236 1.00000000000000
-214.54540634481236 1334.28965951455757 1.77401333432977 1.00000000000000
-214.56733403209364 1334.40146903321147 1.78089644492438 1.00000000000000
-214.59743255138164 1334.51251526037231 1.78962779730015 1.00000000000000
-214.62114287365694 1334.62401971500367 1.79696055412039 1.00000000000000
-214.65392510720994 1334.73468208545819 1.80632331877496 1.00000000000000
-214.67972970532719 1334.84669671906158 1.81404669284639 1.00000000000000
-214.71478022838710 1334.95659904554486 1.82389071338448 1.00000000000000
-214.74250519624911 1335.06775072636083 1.83221534742430 1.00000000000000
-214.78027018537978 1335.17781710671261 1.84292748387919 1.00000000000000
-214.81026599602774 1335.28888625465333 1.85177171419837 1.00000000000000
-214.85063894634368 1335.39884237898514 1.86279147149406 1.00000000000000
-214.88307069940493 1335.51012221537530 1.87167082553288 1.00000000000000
-214.92588732473087 1335.61956725921482 1.88250882472312 1.00000000000000
-214.96057938586455 1335.73032484576106 1.89153942498568 1.00000000000000
-215.00561931624543 1335.83965085400268 1.90309814092939 1.00000000000000
-215.04265969904372 1335.94966123625636 1.91301497019234 1.00000000000000
-215.09017927467357 1336.05812741769478 1.92515018197224 1.00000000000000
-215.12988709937781 1336.16791415913031 1.93551744176524 1.00000000000000
-215.18023504433222 1336.27529480680823 1.94794434235907 1.00000000000000
-215.22255009890068 1336.38430075719953 1.95882921736416 1.00000000000000
-215.27592779160477 1336.49122778372839 1.97170976694552 1.00000000000000
-215.32078926445683 1336.59916014131159 1.98255351431877 1.00000000000000
-215.37678830279037 1336.70527908764780 1.99560472472349 1.00000000000000
-215.42449384042993 1336.81267395848408 2.00667132621250 1.00000000000000
-215.48339810728794 1336.91770656919107 2.01985195960828 1.00000000000000
-215.53351226553787 1337.02346565201879 2.03111702301686 1.00000000000000
-215.59551101480611 1337.12723892973736 2.04447762424296 1.00000000000000
-215.64888304320630 1337.23298435704783 2.05609839369934 1.00000000000000
-215.71349501993973 1337.33536300435662 2.07001376321707 1.00000000000000
-215.76967831567163 1337.43995264405385 2.08173436718081 1.00000000000000
-215.83760324260220 1337.54097824683413 2.09594603040773 1.00000000000000
-215.89657417871058 1337.64415434934199 2.10810849621869 1.00000000000000
-215.96686981222592 1337.74336737021804 2.12247597950150 1.00000000000000
-216.02844849426765 1337.84475080762058 2.13476215048307 1.00000000000000
-216.10199346498121 1337.94223005417734 2.14961802219059 1.00000000000000
-216.16650459764060 1338.04210002627224 2.16258723444774 1.00000000000000
-216.24210159259383 1338.13782153651118 2.17775148686669 1.00000000000000
-216.30922315479256 1338.23556346818805 2.19098173671352 1.00000000000000
-216.38734144659247 1338.32962329685688 2.20639468227890 1.00000000000000
-216.45762934832601 1338.42588136484846 2.22010391309782 1.00000000000000
-216.53871965501457 1338.51766868354753 2.23588826033366 1.00000000000000
-216.61189276730875 1338.61190450750291 2.24974914614144 1.00000000000000
-216.69486088224221 1338.70106933452189 2.26547114065199 1.00000000000000
-216.77086408971809 1338.79311020951718 2.27981207357941 1.00000000000000
-216.85655810096068 1338.88014560332522 2.29590579671860 1.00000000000000
-216.93523376923986 1338.96974662644789 2.31028440277926 1.00000000000000
-217.02431334700668 1339.05435436870903 2.32675784602202 1.00000000000000
-217.10598821705207 1339.14169888850302 2.34178038724196 1.00000000000000
-217.19669227045961 1339.22291960380971 2.35865592219388 1.00000000000000
-217.28097265330143 1339.30745513504371 2.37403700141768 1.00000000000000
-217.37450018204981 1339.38636187370867 2.39110544199390 1.00000000000000
-217.46156586310826 1339.46820006472990 2.40659748378966 1.00000000000000
-217.55722575797699 1339.54397284844890 2.42384484793170 1.00000000000000
-217.64680937718367 1339.62282195454463 2.43940888871223 1.00000000000000
-217.74547974637244 1339.69597579492256 2.45664833479427 1.00000000000000
-217.83724401757354 1339.77157645067200 2.47202296967499 1.00000000000000
-217.93740907282336 1339.84140235930681 2.48900836738730 1.00000000000000
-218.03199421335012 1339.91432352084666 2.50438884935455 1.00000000000000
-218.13411849125987 1339.98105549020693 2.52110164579551 1.00000000000000
-218.23139932000777 1340.05124009400606 2.53616106178667 1.00000000000000
-218.33631281915586 1340.11292769154534 2.55344930235248 1.00000000000000
-218.43506054510362 1340.17941892473027 2.56844738103795 1.00000000000000
-218.54199970175978 1340.23757892008871 2.58599928677594 1.00000000000000
-218.64231779496185 1340.30045438883826 2.60134745619091 1.00000000000000
-218.75020708632655 1340.35492724133655 2.61949855657690 1.00000000000000
-218.85218429705128 1340.41412933869287 2.63562801730590 1.00000000000000
-218.96023646154208 1340.46467891335487 2.65405327047667 1.00000000000000
-219.06276532821357 1340.51961523294449 2.66994755101224 1.00000000000000
-219.17188276810339 1340.56632112385705 2.68781039309971 1.00000000000000
-219.27588994777761 1340.61765289166942 2.70325707622507 1.00000000000000
-219.38532009522896 1340.66049219900742 2.72057565307810 1.00000000000000
-219.49010481435107 1340.70801758719608 2.73584639901040 1.00000000000000
-219.59976384870242 1340.74699223320931 2.75325309092782 1.00000000000000
-219.70519850635901 1340.79074164666235 2.76845659473548 1.00000000000000
-219.81473099347204 1340.82602734165266 2.78553945593784 1.00000000000000
-219.92044831882231 1340.86596257193014 2.80058532200708 1.00000000000000
-220.02977631101385 1340.89753500698134 2.81742776846220 1.00000000000000
-220.13522089627804 1340.93359535560012 2.83229750956079 1.00000000000000
-220.24230339250062 1340.96078569814563 2.84905169016013 1.00000000000000
-220.34558897465467 1340.99251704523340 2.86381266572372 1.00000000000000
-220.45075764565263 1341.01599156949669 2.88046551452158 1.00000000000000
-220.55304432805860 1341.04395892051980 2.89510967244532 1.00000000000000
-220.65841681417078 1341.06430828385055 2.91138877641985 1.00000000000000
-220.76201754843350 1341.08927265414968 2.92550702726665 1.00000000000000
-220.86652827577200 1341.10639583645388 2.94117719205868 1.00000000000000
-220.96885652572382 1341.12785993097350 2.95512120007329 1.00000000000000
-221.07258288824232 1341.14172660512850 2.97091210733668 1.00000000000000
-221.17452011356363 1341.15997338527814 2.98490674181390 1.00000000000000
-221.27696540462784 1341.17039221012965 3.00055602644813 1.00000000000000
-221.37791350262705 1341.18545233644545 3.01398432535735 1.00000000000000
-221.47913008817704 1341.19291515974328 3.02908923441924 1.00000000000000
-221.57891261065379 1341.20490384520963 3.04240996422743 1.00000000000000
-221.77709166426212 1341.21854506153613 3.07111047272973 1.00000000000000
-221.97252040426247 1341.22648408031091 3.09920376761645 1.00000000000000
-222.16500497225206 1341.22897884296253 3.12673478116564 1.00000000000000
-222.35571017616894 1341.22624244354665 -3.12938780141144 1.00000000000000
-222.54028417071095 1341.21899235807359 -3.10336741946934 1.00000000000000
-222.72257928061299 1341.20754057681188 -3.07793792969843 1.00000000000000
-222.90151275711833 1341.19166241260245 -3.05258967583823 1.00000000000000
-223.07692705153022 1341.17183021502569 -3.02761701109062 1.00000000000000
-223.24926154367859 1341.14772252552211 -3.00309093601175 1.00000000000000
-223.41731435304973 1341.12018588883802 -2.97885206986726 1.00000000000000
-223.58145407447591 1341.08899673679844 -2.95457650992190 1.00000000000000
-223.74260278535075 1341.05498774535954 -2.93232481217129 1.00000000000000
-223.90004803653574 1341.01825495343655 -2.91168181205287 1.00000000000000
-224.05367203324568 1340.97886912059039 -2.88935002301745 1.00000000000000
-224.20441601204220 1340.93735882360488 -2.86981467425706 1.00000000000000
-224.34947210166138 1340.89437111467123 -2.85290541410428 1.00000000000000
-224.49186721188016 1340.84944039629772 -2.83506641380189 1.00000000000000
-224.63302387204021 1340.80289329122752 -2.81845946667541 1.00000000000000
-224.77485330490163 1340.75413477281108 -2.80356227873245 1.00000000000000
-224.91295374953188 1340.70438357163221 -2.78859554088723 1.00000000000000
-225.04736531246454 1340.65405064076185 -2.77500937626035 1.00000000000000
-225.17881133349147 1340.60313917137682 -2.76299565464086 1.00000000000000
-225.30659269995522 1340.55251437705010 -2.75190874900159 1.00000000000000
-225.43328506965190 1340.50092705385759 -2.74132569045933 1.00000000000000
-225.55926372832619 1340.45055449521169 -2.73328275714164 1.00000000000000
-225.68475631013280 1340.39947943249717 -2.72580501230677 1.00000000000000
-225.81003760301974 1340.34754639724270 -2.71933917943901 1.00000000000000
-225.93515597464284 1340.29543589195237 -2.71487828151712 1.00000000000000
-226.06001738517080 1340.24328160518780 -2.71146231964447 1.00000000000000
-226.18422482302412 1340.19153810245916 -2.70787740973045 1.00000000000000
-226.30828382913023 1340.13979687169194 -2.70481840876148 1.00000000000000
-226.43284218537156 1340.08781722234562 -2.70239181599032 1.00000000000000
-226.55660717561841 1340.03638892574236 -2.69974362444902 1.00000000000000
-226.68084642896429 1339.98474404495209 -2.69736933220182 1.00000000000000
-226.80525031255092 1339.93343588523567 -2.69580392863765 1.00000000000000
-226.92808088660240 1339.88286451064050 -2.69450042018075 1.00000000000000
-227.05018023692537 1339.83287447225302 -2.69364648238448 1.00000000000000
-227.17001273238566 1339.78410323942080 -2.69261275186640 1.00000000000000
-227.28647768852534 1339.73672077199444 -2.69173894136194 1.00000000000000
-227.40503919217736 1339.68888281192631 -2.69117103902994 1.00000000000000
-227.52249908295926 1339.64153820788488 -2.69100447852919 1.00000000000000
-227.64059227530379 1339.59409877983853 -2.69067123299952 1.00000000000000
-227.75569032452768 1339.54813946597278 -2.68996306814094 1.00000000000000
-227.86952373257373 1339.50248059025034 -2.68939421918945 1.00000000000000
-227.98266357707325 1339.45748166786507 -2.68993170519440 1.00000000000000
-228.09314867883222 1339.41355108330026 -2.68947689065760 1.00000000000000
-228.20174228580436 1339.37034827983007 -2.68829732847660 1.00000000000000
-228.30927278136369 1339.32780568907037 -2.68896192624342 1.00000000000000
-228.41518061386887 1339.28586082719266 -2.68910878658888 1.00000000000000
-228.51911764743272 1339.24469957733527 -2.68817022551275 1.00000000000000
-228.62222585175186 1339.20407037297264 -2.68856689813384 1.00000000000000
-228.72359491436509 1339.16410865122452 -2.68896103485519 1.00000000000000
-228.82308195781661 1339.12484078900889 -2.68807612006658 1.00000000000000
-228.91999610135099 1339.08665865520015 -2.68837675878875 1.00000000000000
-229.01501191646094 1339.04938871599734 -2.68957074303254 1.00000000000000
-229.15282988420222 1338.99882584577426 -2.68960602199050 1.00000000000000
-229.28681700734887 1338.94293906493112 -2.68966891281241 1.00000000000000
-229.41733159159776 1338.89479427458718 -2.69031418441600 1.00000000000000
-229.54363578616176 1338.84174427017570 -2.68976171558003 1.00000000000000
-229.66439942829311 1338.79701220709831 -2.69037058187559 1.00000000000000
-229.78179586492479 1338.74772888002917 -2.68999558284231 1.00000000000000
-229.89514942275127 1338.70564888650551 -2.69137773336085 1.00000000000000
-230.00207016884815 1338.66114237671718 -2.69076521785755 1.00000000000000
-230.09628100431291 1338.62695774203166 -2.69227988158850 1.00000000000000
-230.19984715059400 1338.58786410605535 -2.69337057169994 1.00000000000000
-230.30112016177736 1338.55243804818019 -2.69515689367184 1.00000000000000
