-180.82633895135950 1319.93733737757429 2.31811389338407 1.00000000000000
-180.91957817424554 1320.02930376492441 2.34303639132280 1.00000000000000
-181.00985555315856 1320.12216747459024 2.36565698263052 1.00000000000000
-181.10591420787387 1320.20816891081631 2.38942461368879 1.00000000000000
-181.19968223199248 1320.29605294112116 2.41155760471796 1.00000000000000
-181.29952896758914 1320.37695770617574 2.43495124393312 1.00000000000000
-181.39644964598119 1320.45992205059156 2.45636149067062 1.00000000000000
-181.49816357344389 1320.53563004639000 2.47868996307537 1.00000000000000
-181.59787153534126 1320.61382485507056 2.49889930132357 1.00000000000000
-181.70214208809193 1320.68441954115406 2.52033524182932 1.00000000000000
-181.80442643549759 1320.75799710117280 2.53994035420642 1.00000000000000
-181.91055530961603 1320.82417444512248 2.56084965878121 1.00000000000000
-182.01501608116087 1320.89307647850364 2.58027923883283 1.00000000000000
-182.12267122004414 1320.95462011918426 2.60079048455319 1.00000000000000
-182.22897112334613 1321.01888518687338 2.61950783892720 1.00000000000000
-182.33787655620836 1321.07597896037623 2.63900032148824 1.00000000000000
-182.44562320120167 1321.13570549292490 2.65680449489510 1.00000000000000
-182.55536350584589 1321.18839402683079 2.67567117481949 1.00000000000000
-182.66443344764411 1321.24370795628056 2.69341139089351 1.00000000000000
-182.77475874644006 1321.29210555879399 2.71174435466588 1.00000000000000
-182.88533187215216 1321.34334529330954 2.72869787350252 1.00000000000000
-182.99599695554934 1321.38816560572013 2.74628601516328 1.00000000000000
-183.10751548956614 1321.43526979070157 2.76284062504184 1.00000000000000
-183.21809460560326 1321.47688937140629 2.78024490365981 1.00000000000000
-183.33032829372678 1321.51984525285661 2.79703885337058 1.00000000000000
-183.44131089560688 1321.55807119188830 2.81424592746941 1.00000000000000
-183.55439304379979 1321.59703641105443 2.83086867739158 1.00000000000000
-183.66594774526311 1321.63125161919743 2.84800222626543 1.00000000000000
-183.77906375797465 1321.66600797418505 2.86470682704170 1.00000000000000
-183.89014813344693 1321.69643607456237 2.88189965065797 1.00000000000000
-184.00385513465153 1321.72718267049640 2.89893779129214 1.00000000000000
-184.11526879190933 1321.75411886582151 2.91646071428320 1.00000000000000
-184.22874384728493 1321.78060310473666 2.93409861755082 1.00000000000000
-184.33966576447710 1321.80441124457866 2.95215025858560 1.00000000000000
-184.45394438470248 1321.82680832780898 2.97036945980467 1.00000000000000
-184.56517277687090 1321.84709610929713 2.98862098440821 1.00000000000000
-184.67944787093438 1321.86520557524636 3.00711312155053 1.00000000000000
-184.79038549575489 1321.88136298721656 3.02538089551957 1.00000000000000
-184.90482446551323 1321.89522574841976 3.04400681713483 1.00000000000000
-185.01519096002448 1321.90794208971784 3.06250885858625 1.00000000000000
-185.12898786365986 1321.91741422284395 3.08182873969617 1.00000000000000
-185.23906728281872 1321.92546046432108 3.10107411465571 1.00000000000000
-185.35207379271742 1321.93053050525486 3.12053163520241 1.00000000000000
-185.46133781620301 1321.93410085188225 3.14016309606820 1.00000000000000
-185.57421987055568 1321.93468068819493 -3.12251818260431 1.00000000000000
-185.68236464267829 1321.93452927656472 -3.10195019714766 1.00000000000000
-185.79402988054790 1321.93048455193639 -3.08049658692937 1.00000000000000
-185.90145655808738 1321.92582102725282 -3.05944338596862 1.00000000000000
-186.01227687852224 1321.91715327231213 -3.03816738105906 1.00000000000000
-186.11910842655925 1321.90764087298885 -3.01693107056042 1.00000000000000
-186.22858557093423 1321.89433627855033 -2.99498407316571 1.00000000000000
-186.33391700778157 1321.88028339855373 -2.97276184369746 1.00000000000000
-186.44210298790131 1321.86222715070471 -2.94993558859762 1.00000000000000
-186.54615969338920 1321.84311745828018 -2.92727079784795 1.00000000000000
-186.65280485828407 1321.82033327780664 -2.90440924527326 1.00000000000000
-186.75551421620185 1321.79650277597830 -2.88176670474520 1.00000000000000
-186.86072302458342 1321.76900716125965 -2.85902918748819 1.00000000000000
-186.96162874437869 1321.74037254275754 -2.83646586128732 1.00000000000000
-187.06439648824744 1321.70852640550584 -2.81412163491062 1.00000000000000
-187.16283332032617 1321.67518702987581 -2.79208689166201 1.00000000000000
-187.26328172883950 1321.63914705673233 -2.77019405777363 1.00000000000000
-187.35896145703737 1321.60153746046126 -2.74820947336477 1.00000000000000
-187.45676732435822 1321.56157306022942 -2.72676944818556 1.00000000000000
-187.54946955852211 1321.52014144277200 -2.70570886150057 1.00000000000000
-187.64461141114589 1321.47655110573396 -2.68531824866348 1.00000000000000
-187.73451206798200 1321.43179308902472 -2.66508465939163 1.00000000000000
-187.82701632019598 1321.38481234572828 -2.64531921029664 1.00000000000000
-188.00377047824441 1321.28595406422392 -2.60597662174224 1.00000000000000
-188.17464850540273 1321.18060057982802 -2.56788481335903 1.00000000000000
-188.34003321151249 1321.06961000384763 -2.53089115762224 1.00000000000000
-188.50018650351558 1320.95365283638239 -2.49398221140951 1.00000000000000
-188.65399882377824 1320.83306100778282 -2.45661104876647 1.00000000000000
-188.80203269352205 1320.70779178151861 -2.41937753526511 1.00000000000000
-188.94474063150119 1320.57738982373849 -2.38203692529249 1.00000000000000
-189.08213852305198 1320.44204797782004 -2.34419491316634 1.00000000000000
-189.21386865351815 1320.30175688257441 -2.30607925550656 1.00000000000000
-189.34108444454614 1320.15543161518872 -2.26783633047915 1.00000000000000
-189.46323110628873 1320.00398493930697 -2.22907321478337 1.00000000000000
-189.58042789530009 1319.84790813643485 -2.19047749239619 1.00000000000000
-189.69217773887794 1319.68663832917809 -2.15163839128480 1.00000000000000
-189.79813859536080 1319.52028357237577 -2.11250762650683 1.00000000000000
-189.89817766268970 1319.34886619774625 -2.07331089934716 1.00000000000000
-189.99187732778955 1319.17292238865048 -2.03357678245640 1.00000000000000
-190.07920663733967 1318.99202433554456 -1.99312744911684 1.00000000000000
-190.15996203129180 1318.80657887551934 -1.95288250409138 1.00000000000000
-190.23392991715809 1318.61703158542514 -1.91287484652472 1.00000000000000
-190.26734103349736 1318.52233796473593 -1.89271727055296 1.00000000000000
-190.30111724702874 1318.42277777940035 -1.87221035109194 1.00000000000000
-190.33093309262767 1318.32570818345994 -1.85134335943775 1.00000000000000
-190.36077585595194 1318.22410643519834 -1.83074045687796 1.00000000000000
-190.38684570591431 1318.12469870597124 -1.81042593573879 1.00000000000000
-190.41261244140333 1318.02186673786491 -1.79091844023670 1.00000000000000
-190.43479706952348 1317.92157576279715 -1.77132373679975 1.00000000000000
-190.45651847659610 1317.81742726964876 -1.75150291021969 1.00000000000000
-190.47532857186161 1317.71579407714307 -1.73118310352966 1.00000000000000
-190.49291112105129 1317.61031138384715 -1.71098065418876 1.00000000000000
-190.50794762431178 1317.50774153182283 -1.69106366758547 1.00000000000000
-190.52137740311446 1317.40111303003505 -1.67133613860198 1.00000000000000
-190.53308451105841 1317.29766513174400 -1.65214760670591 1.00000000000000
-190.54244167974684 1317.18979816464707 -1.63301777245028 1.00000000000000
-190.55046468478395 1317.08485766733065 -1.61409348906658 1.00000000000000
-190.55569796706550 1316.97606574930251 -1.59484531183067 1.00000000000000
-190.55974050005898 1316.87043169513345 -1.57567600538130 1.00000000000000
-190.56077368604019 1316.76049721427262 -1.55625724935696 1.00000000000000
-190.56150360335596 1316.65510933753103 -1.53798479999028 1.00000000000000
-190.55847289285157 1316.54531878046691 -1.51973913358074 1.00000000000000
-190.55526625219500 1316.43884361116216 -1.50222894824160 1.00000000000000
-190.54823714622762 1316.32855041883886 -1.48423787578825 1.00000000000000
-190.54212530946825 1316.22201277222484 -1.46704816492167 1.00000000000000
-190.53114318929147 1316.11159824207425 -1.44901518895172 1.00000000000000
-190.52212097740266 1316.00474647106603 -1.43214659177322 1.00000000000000
-190.50730067945551 1315.89460901310667 -1.41459583324837 1.00000000000000
-190.49511503719259 1315.78857921063900 -1.39844002038370 1.00000000000000
-190.47644373786170 1315.67837269511074 -1.38091948440891 1.00000000000000
-190.46092736430001 1315.57205813983455 -1.36473223206562 1.00000000000000
-190.43856588937342 1315.46246451558545 -1.34767290706318 1.00000000000000
-190.41996544518042 1315.35622701328248 -1.33196672648189 1.00000000000000
-190.39393271633890 1315.24702575290576 -1.31525273273480 1.00000000000000
-190.37216382479528 1315.14097717450932 -1.30030682434541 1.00000000000000
-190.34267759247450 1315.03237750055268 -1.28451904185823 1.00000000000000
-190.31857118313201 1314.92706135613844 -1.27068813126593 1.00000000000000
-190.28586317144800 1314.81934540253133 -1.25542557439732 1.00000000000000
-190.25896785611985 1314.71473845653236 -1.24206240127331 1.00000000000000
-190.22334590705577 1314.60835997806862 -1.22746463561384 1.00000000000000
-190.19390034116805 1314.50482906959951 -1.21508410855136 1.00000000000000
-190.15562394011067 1314.39976176992059 -1.20181223515335 1.00000000000000
-190.12439981754869 1314.29710204200819 -1.19102318601202 1.00000000000000
-190.08356334676500 1314.19271940272301 -1.17895454443174 1.00000000000000
-190.04996891785413 1314.09064126992598 -1.16921847262910 1.00000000000000
-190.00717356684618 1313.98765123449266 -1.15872938778319 1.00000000000000
-189.97214158310089 1313.88643632875755 -1.15129024865834 1.00000000000000
-189.92774324549828 1313.78457420039922 -1.14253352340521 1.00000000000000
-189.89181791775627 1313.68440807936713 -1.13661283343736 1.00000000000000
-189.84605512197595 1313.58332569897175 -1.12928574992031 1.00000000000000
-189.80892999516800 1313.48338699014857 -1.12474821370631 1.00000000000000
-189.76200789061841 1313.38263630075380 -1.11929480895219 1.00000000000000
-189.72470800206065 1313.28314283164218 -1.11662430164437 1.00000000000000
-189.67722506169230 1313.18323316704482 -1.11232418483337 1.00000000000000
-189.64011135802139 1313.08393749361858 -1.11055181477426 1.00000000000000
-189.59224057209212 1312.98468523053452 -1.10706810665271 1.00000000000000
-189.55561162787490 1312.88587097544223 -1.10657826143000 1.00000000000000
-189.50766892347019 1312.78728692932054 -1.10437122962383 1.00000000000000
-189.47210969042499 1312.68858779547736 -1.10542729655851 1.00000000000000
-189.42412754928228 1312.59003707300872 -1.10454848501846 1.00000000000000
-189.38910147402203 1312.49102150928229 -1.10713012669318 1.00000000000000
-189.34126679104520 1312.39225784456357 -1.10726269264249 1.00000000000000
-189.30835356650641 1312.29208354884759 -1.11129345457743 1.00000000000000
-189.26114428765140 1312.19352197507396 -1.11199433214952 1.00000000000000
-189.22941737237852 1312.09322851989418 -1.11740028706766 1.00000000000000
-189.18301182007417 1311.99457302363589 -1.11954520857763 1.00000000000000
-189.15230260189855 1311.89337579999119 -1.12605102835501 1.00000000000000
-189.10679401305970 1311.79434212390333 -1.12902833378333 1.00000000000000
-189.07762173807714 1311.69247017242014 -1.13644477489022 1.00000000000000
-189.03328821563628 1311.59317230805755 -1.14022508731163 1.00000000000000
-189.00569922884461 1311.49127790378407 -1.14850861804583 1.00000000000000
-188.96280632540584 1311.39177385624498 -1.15354263839193 1.00000000000000
-188.93698859075084 1311.28977386048064 -1.16266638174600 1.00000000000000
-188.89559066173388 1311.18982006516308 -1.16830166566489 1.00000000000000
-188.87214613438118 1311.08654802618548 -1.17821349443784 1.00000000000000
-188.83249876048649 1310.98637482011691 -1.18432396618331 1.00000000000000
-188.81104984856211 1310.88307404285297 -1.19515249651885 1.00000000000000
-188.77316783228889 1310.78223964059725 -1.20214266119168 1.00000000000000
-188.75402574264444 1310.67768371244892 -1.21338038229453 1.00000000000000
-188.71816526446491 1310.57676796801388 -1.22021573054203 1.00000000000000
-188.70137312880252 1310.47229086933658 -1.23129237312739 1.00000000000000
-188.66746055544354 1310.37106088176370 -1.23830582873942 1.00000000000000
-188.65304336190457 1310.26619539223611 -1.24937912757650 1.00000000000000
-188.62098499992862 1310.16449044691399 -1.25610267652038 1.00000000000000
-188.60847410163842 1310.05884137423709 -1.26739750312326 1.00000000000000
-188.57831346429884 1309.95654551964253 -1.27472961186208 1.00000000000000
-188.56847251614090 1309.85003141360357 -1.28715153202256 1.00000000000000
-188.54042475856841 1309.74715818697587 -1.29558675642003 1.00000000000000
-188.53267540119123 1309.64029605267569 -1.30866994867167 1.00000000000000
-188.50687824608758 1309.53690809663385 -1.31752715312874 1.00000000000000
-188.50142482446972 1309.42955910228193 -1.33174372970413 1.00000000000000
-188.47814367420506 1309.32546228216961 -1.34246306472643 1.00000000000000
-188.47525065229274 1309.21755890594795 -1.35833157046889 1.00000000000000
-188.45470669656061 1309.11257355986163 -1.36986488966424 1.00000000000000
-188.45443244889611 1309.00384808564559 -1.38590619670124 1.00000000000000
-188.43672854662873 1308.89772175950930 -1.39795847134225 1.00000000000000
-188.43926212779479 1308.78849060554057 -1.41458771882698 1.00000000000000
-188.42465129517950 1308.68187397718430 -1.42723819105071 1.00000000000000
-188.43046508060070 1308.57245775638148 -1.44456818972284 1.00000000000000
-188.41902900667628 1308.46512422664091 -1.45743289991956 1.00000000000000
-188.42799997568363 1308.35511937085539 -1.47474713691722 1.00000000000000
-188.41981680388562 1308.24699908681214 -1.48790619703239 1.00000000000000
-188.43247385183349 1308.13641019584611 -1.50560564585398 1.00000000000000
-188.42766318004578 1308.02758065005764 -1.51931922838828 1.00000000000000
-188.44345760578290 1307.91668122541159 -1.53809743733781 1.00000000000000
-188.44225171464495 1307.80759317660704 -1.55273768771790 1.00000000000000
-188.46135593031067 1307.69717515772209 -1.57216155737001 1.00000000000000
-188.46394090098329 1307.58773403987288 -1.58762825434057 1.00000000000000
-188.48723811568925 1307.47734935022891 -1.60777397830852 1.00000000000000
-188.49378200119827 1307.36764426343143 -1.62377228029999 1.00000000000000
-188.52080524433404 1307.25825723586604 -1.64454842374107 1.00000000000000
-188.53145531291375 1307.14882410690188 -1.66133495088148 1.00000000000000
-188.56290466489736 1307.03957471158355 -1.68297527902104 1.00000000000000
-188.57789083046373 1306.93010847363621 -1.70060013505582 1.00000000000000
-188.61326096439734 1306.82142161205411 -1.72269724241986 1.00000000000000
-188.63263030129019 1306.71259535709396 -1.74081634993491 1.00000000000000
-188.67220971360803 1306.60513587621972 -1.76342910345533 1.00000000000000
-188.69614839600399 1306.49668929493055 -1.78202884803788 1.00000000000000
-188.73979448387399 1306.39039403665811 -1.80494924994186 1.00000000000000
-188.76821253867820 1306.28316872334108 -1.82382956130529 1.00000000000000
-188.81577746034600 1306.17879917938262 -1.84707326802362 1.00000000000000
-188.84880039008567 1306.07271725079045 -1.86658044612487 1.00000000000000
-188.90109712327830 1305.97022063797340 -1.89018780833677 1.00000000000000
-188.93885895580752 1305.86518450919539 -1.90993592573171 1.00000000000000
-188.99548102950212 1305.76449050148949 -1.93373441312208 1.00000000000000
-189.03785232151859 1305.66117069032043 -1.95400111158661 1.00000000000000
-189.09895458986284 1305.56296627828851 -1.97869670277547 1.00000000000000
-189.14614521339536 1305.46131634758785 -1.99967134851130 1.00000000000000
-189.21160090755438 1305.36551788821816 -2.02459988390817 1.00000000000000
-189.26340496644843 1305.26610263204202 -2.04541979474138 1.00000000000000
-189.33284146059304 1305.17315838485956 -2.07017311964508 1.00000000000000
-189.38911966315936 1305.07629847573116 -2.09124322731540 1.00000000000000
-189.46296098839957 1304.98663641652092 -2.11681839651724 1.00000000000000
-189.52389226562809 1304.89235401432961 -2.13888726225536 1.00000000000000
-189.60375788051169 1304.80701210349798 -2.16623077918354 1.00000000000000
-189.66951755515765 1304.71554003795609 -2.18869892989866 1.00000000000000
-189.75288140279008 1304.63338913302869 -2.21588434916345 1.00000000000000
-189.82329603575636 1304.54514432419091 -2.23896339733479 1.00000000000000
-189.91048659686930 1304.46715772897005 -2.26669303381659 1.00000000000000
-189.98490358679555 1304.38306524557993 -2.29012049997778 1.00000000000000
-190.07565273821820 1304.30969332065433 -2.31822529312546 1.00000000000000
-190.15425445442088 1304.22960375295952 -2.34183767213445 1.00000000000000
-190.24793225276517 1304.16106985928491 -2.36987586651634 1.00000000000000
-190.33070438238792 1304.08496010862291 -2.39321612164558 1.00000000000000
-190.42820756882429 1304.02125031407923 -2.42111477140060 1.00000000000000
-190.51440229243599 1303.94978044554591 -2.44433938414141 1.00000000000000
-190.61481642466970 1303.89123739767820 -2.47224629831545 1.00000000000000
-190.70445562049281 1303.82435719668865 -2.49562432857327 1.00000000000000
-190.80705006816424 1303.77050233772025 -2.52315891348874 1.00000000000000
-190.90014205692569 1303.70813113730401 -2.54639018369200 1.00000000000000
-191.00471025716979 1303.65906878421083 -2.57386191821417 1.00000000000000
-191.10066486796131 1303.60162671096623 -2.59738681136948 1.00000000000000
-191.20739449828397 1303.55781723279506 -2.62531859995747 1.00000000000000
-191.30600910587236 1303.50547644542530 -2.64922031827044 1.00000000000000
-191.41436561511364 1303.46743624005467 -2.67702969330250 1.00000000000000
-191.51497593626846 1303.42047928180546 -2.70062667102470 1.00000000000000
-191.62434055871563 1303.38772823149338 -2.72831297475135 1.00000000000000
-191.72715106047690 1303.34601978771389 -2.75205045760797 1.00000000000000
-191.83779190282803 1303.31858969712630 -2.77974697340148 1.00000000000000
-191.94269267236814 1303.28211671533063 -2.80308282045535 1.00000000000000
-192.05361882573925 1303.26017986051738 -2.82983974211505 1.00000000000000
-192.16018376458669 1303.22901587979868 -2.85306782156349 1.00000000000000
-192.27220086578745 1303.21207548351958 -2.87995002407410 1.00000000000000
-192.37989974254742 1303.18633765215054 -2.90328317195145 1.00000000000000
-192.49179399595596 1303.17483508959413 -2.93012977295895 1.00000000000000
-192.60033338982612 1303.15457396442071 -2.95361057786783 1.00000000000000
-192.71194869955070 1303.14844045648351 -2.98026640850505 1.00000000000000
-192.82121744728647 1303.13362258300185 -3.00356771224602 1.00000000000000
-192.93286586529575 1303.13294123439118 -3.03011932017499 1.00000000000000
-193.04222381487489 1303.12358706071973 -3.05320328670540 1.00000000000000
-193.15297254920006 1303.12768336385489 -3.07917694180349 1.00000000000000
-193.26238795497920 1303.12364696431905 -3.10173832701634 1.00000000000000
-193.37292408547364 1303.13282779976726 -3.12710075331798 1.00000000000000
-193.48203927977011 1303.13399686943740 3.13390297389848 1.00000000000000
-193.59107311221305 1303.14781556371599 3.10923151741047 1.00000000000000
-193.69939862680621 1303.15401280671358 3.08748706662990 1.00000000000000
-193.80694935412612 1303.17220702162012 3.06319467103613 1.00000000000000
-193.91469077242073 1303.18330916576087 3.04185144030551 1.00000000000000
-194.02071086555952 1303.20594464009628 3.01867353915458 1.00000000000000
-194.12701142858714 1303.22154975961894 2.99903150752610 1.00000000000000
-194.23128624318633 1303.24803450005129 2.97782045623725 1.00000000000000
-194.33659310860094 1303.26777645479888 2.96009807583639 1.00000000000000
-194.43935708364006 1303.29807070689276 2.94070236812850 1.00000000000000
-194.54330841451883 1303.32150841550902 2.92439740006381 1.00000000000000
-194.64510181895457 1303.35515679651871 2.90627681549277 1.00000000000000
-194.74760996614350 1303.38190781325102 2.89146385611024 1.00000000000000
-194.84730034240056 1303.41796861262992 2.87508260018044 1.00000000000000
-194.94786726002349 1303.44748889282346 2.86182223732552 1.00000000000000
-195.04550095472950 1303.48533417237923 2.84716636087982 1.00000000000000
-195.14278504980030 1303.51680598128587 2.83508220177761 1.00000000000000
-195.23703266773373 1303.55570732522756 2.82154044880861 1.00000000000000
-195.33177517272998 1303.58900038106367 2.81045751752437 1.00000000000000
-195.51870748738293 1303.66465019155294 2.79001678171141 1.00000000000000
-195.61178400123026 1303.70650751283392 2.78077360434672 1.00000000000000
-195.79518947075121 1303.78494473081082 2.76499128002682 1.00000000000000
-195.97641575848684 1303.86472753342241 2.75180603412125 1.00000000000000
-196.15477617376018 1303.94280045246705 2.74218733080020 1.00000000000000
-196.33160769671667 1304.02141071669757 2.73386568015325 1.00000000000000
-196.50623786111828 1304.09961624769494 2.72612135444790 1.00000000000000
-196.67875248112250 1304.17754418775439 2.71902010001443 1.00000000000000
-196.84991477511358 1304.25524220848456 2.71249749070253 1.00000000000000
-197.01940071291756 1304.33293767785653 2.70652788214763 1.00000000000000
-197.18582281598356 1304.40917547559366 2.70142714040533 1.00000000000000
-197.34773418382974 1304.48391867801547 2.69640650595052 1.00000000000000
-197.50376261258498 1304.55635259160772 2.69233310184259 1.00000000000000
-197.65353290084749 1304.62580191483721 2.68860130850686 1.00000000000000
-197.79643488151487 1304.69212075043470 2.68521874613399 1.00000000000000
-197.93211321230046 1304.75566756492481 2.68243282239164 1.00000000000000
-198.06036332878284 1304.81553266663104 2.68052146722634 1.00000000000000
-198.18025517818751 1304.87130577163771 2.67859553900201 1.00000000000000
-198.29166134248953 1304.92323533678427 2.67636754195835 1.00000000000000
-198.39494596805889 1304.97113099321723 2.67537369768367 1.00000000000000
-198.48996973555768 1305.01496689440683 2.67532101029778 1.00000000000000
-198.61636006832123 1305.07532681152225 2.67350192067988 1.00000000000000
-198.72358786046971 1305.12194047356024 2.67457354263901 1.00000000000000
-198.83483963727485 1305.17149908142164 2.67542777544216 1.00000000000000
-198.93571290629916 1305.21438724827021 2.67807182894363 1.00000000000000
