2060.57945613551419 1065.47117747506127 -1.10802107223259 1.00000000000000
2060.52464245777810 1065.56493918877095 -1.08523589034426 1.00000000000000
2060.46770695655141 1065.66585000092164 -1.05899738448170 1.00000000000000
2060.41335791884921 1065.76143254339695 -1.03253332067955 1.00000000000000
2060.35131755715702 1065.86684326268733 -1.00305263626475 1.00000000000000
2060.29450470185839 1065.95853527169675 -0.97661567151612 1.00000000000000
2060.22856478590984 1066.06189658446237 -0.94847689903905 1.00000000000000
2060.17199399991659 1066.14612909918651 -0.92578847638772 1.00000000000000
2060.11422043805942 1066.22883910685778 -0.90428940189724 1.00000000000000
2060.04247007798404 1066.32616896321997 -0.87656450051113 1.00000000000000
2059.97005927294958 1066.42501787189394 -0.85849218768287 1.00000000000000
2059.89442425069865 1066.52155110426247 -0.84163344924514 1.00000000000000
2059.83132836828008 1066.60229943040758 -0.83387230267125 1.00000000000000
2059.76526273094350 1066.68573409598321 -0.82976206239109 1.00000000000000
2059.69685160956578 1066.77132744947448 -0.82861739469849 1.00000000000000
2059.62431448715506 1066.86144458595663 -0.83170932255586 1.00000000000000
2059.54924418253358 1066.95458477595821 -0.83867623756080 1.00000000000000
2059.47162802063394 1067.05100700585172 -0.84943758297106 1.00000000000000
2059.39088628045283 1067.15151766082272 -0.86519818858521 1.00000000000000
2059.32871969981352 1067.23036696761847 -0.87996501487010 1.00000000000000
2059.24676374788396 1067.33349615242332 -0.89914990512121 1.00000000000000
2059.16739864920964 1067.43283377308398 -0.91522175753226 1.00000000000000
2059.09399823239073 1067.52272349083796 -0.92410455608586 1.00000000000000
2059.02548400568776 1067.60509705869481 -0.92943054989843 1.00000000000000
2058.96026683005039 1067.68275179713964 -0.93104092894129 1.00000000000000
2058.88233171345200 1067.77797687519342 -0.93087933106826 1.00000000000000
2058.81766114907805 1067.85495683550835 -0.92952262412241 1.00000000000000
2058.75123678724049 1067.93427747441456 -0.92817996675642 1.00000000000000
2058.68217289459426 1068.01676801871508 -0.92624053898518 1.00000000000000
2058.60983277193736 1068.10428585810587 -0.92479750541237 1.00000000000000
2058.53383607359137 1068.19662519590929 -0.92344187703142 1.00000000000000
2058.45427899557399 1068.29374853987247 -0.92284388309544 1.00000000000000
2058.37159188016085 1068.39490552619100 -0.92237763199679 1.00000000000000
2058.30555095674936 1068.47357601858675 -0.92076302729790 1.00000000000000
2058.24097454483854 1068.55536540038884 -0.92097736210608 1.00000000000000
2058.17062917590374 1068.63978739455342 -0.91902048084542 1.00000000000000
2058.10175663954578 1068.72722825407982 -0.91837989641290 1.00000000000000
2058.02761272218777 1068.81699790246785 -0.91657134755694 1.00000000000000
2057.95466018142179 1068.90962045220658 -0.91616991076955 1.00000000000000
2057.87610498163849 1069.00575021328405 -0.91485654245385 1.00000000000000
2057.79880864464212 1069.10481764934957 -0.91438882635295 1.00000000000000
2057.71654672629666 1069.20687969448045 -0.91414590528670 1.00000000000000
2057.63599749992136 1069.31067801499739 -0.91353042285835 1.00000000000000
2057.55090765666682 1069.41843641037121 -0.91354036939001 1.00000000000000
2057.46692853944842 1069.52725319983438 -0.91338815701998 1.00000000000000
2057.37950616853777 1069.63884234894067 -0.91259467105992 1.00000000000000
2057.29252040735446 1069.75231503369287 -0.91308416736365 1.00000000000000
2057.20242121722549 1069.86921060411260 -0.91290564847174 1.00000000000000
2057.11271934583783 1069.98689498007298 -0.91368980174732 1.00000000000000
2057.05166595743503 1070.06677457038313 -0.91425062082937 1.00000000000000
2056.98958820127882 1070.14838433265686 -0.91612631411042 1.00000000000000
2056.92704773327569 1070.23098047031090 -0.91804486685226 1.00000000000000
2056.86423559614923 1070.31440125778317 -0.91900610829509 1.00000000000000
2056.80026949662715 1070.39945109421387 -0.91965700805579 1.00000000000000
2056.73595177638344 1070.48548683337867 -0.92339781229529 1.00000000000000
2056.67122345778625 1070.57251428905874 -0.92512390184323 1.00000000000000
2056.60629424103536 1070.66048932773992 -0.92569775960298 1.00000000000000
2056.54174757190049 1070.74868905311450 -0.92904078058786 1.00000000000000
2056.47673177043907 1070.83768526185304 -0.93151998835419 1.00000000000000
2056.41081002907595 1070.92878662003204 -0.93181720393534 1.00000000000000
2056.34442345937714 1071.02049294766039 -0.93452595299667 1.00000000000000
2056.27797518915031 1071.11353669269010 -0.93849645218550 1.00000000000000
2056.21112618478946 1071.20731418207288 -0.93969799927772 1.00000000000000
2056.14406986779068 1071.30239571118727 -0.94133428252174 1.00000000000000
2056.07715858297888 1071.39731323160231 -0.94442353070234 1.00000000000000
2056.00974121817853 1071.49329669401050 -0.94632645436602 1.00000000000000
2055.94154590799008 1071.59124523820356 -0.94891869094909 1.00000000000000
2055.87365913204849 1071.68916756892577 -0.95128462424190 1.00000000000000
2055.80547565937741 1071.78821967076510 -0.95163593365943 1.00000000000000
2055.73740577837452 1071.88719375198707 -0.95292782903894 1.00000000000000
2055.66906888468657 1071.98730368353426 -0.95595463484762 1.00000000000000
2055.60071839345619 1072.08851794805378 -0.95687110427312 1.00000000000000
2055.53260480938479 1072.18987969448790 -0.95927284005142 1.00000000000000
2055.46522380592069 1072.29067791625857 -0.96299356948410 1.00000000000000
2055.39829275809461 1072.39116039779037 -0.96454295229218 1.00000000000000
2055.33060259756166 1072.49315693462268 -0.96508778019295 1.00000000000000
2055.26372630038531 1072.59479354787618 -0.96809117705694 1.00000000000000
2055.19773140258621 1072.69586169347167 -0.97203974376659 1.00000000000000
2055.13286521332338 1072.79682383826002 -0.97467968157127 1.00000000000000
2055.06855124543654 1072.89658749289811 -0.97624744332421 1.00000000000000
2055.00460025481880 1072.99662872310728 -0.97737182148291 1.00000000000000
2054.94130046607461 1073.09549627266824 -0.97846744532881 1.00000000000000
2054.87862215383211 1073.19385066954419 -0.97867131006947 1.00000000000000
2054.81685807142640 1073.29114728514105 -0.97951697855752 1.00000000000000
2054.75581811019219 1073.38790741097182 -0.97978130594348 1.00000000000000
2054.69567895564251 1073.48391922097653 -0.98066937760035 1.00000000000000
2054.63616938306950 1073.57896554004401 -0.98113314860161 1.00000000000000
2054.57745032460662 1073.67314707953483 -0.98187018127358 1.00000000000000
2054.52003100945149 1073.76555500086397 -0.98330489552049 1.00000000000000
2054.46266504516825 1073.85831873584539 -0.98597624792692 1.00000000000000
2054.40653651347384 1073.95025405893102 -0.98925289890134 1.00000000000000
2054.35150361893466 1074.04057550895959 -0.99332965017336 1.00000000000000
2054.29679753852542 1074.13129801768810 -0.99802425012888 1.00000000000000
2054.24276339623611 1074.22106308862567 -1.00263916147675 1.00000000000000
2054.18876419065055 1074.31059351656586 -1.00718390195420 1.00000000000000
2054.13631451735273 1074.39891543565318 -1.01271894003186 1.00000000000000
2054.08424044906860 1074.48679462727159 -1.01732576937060 1.00000000000000
2054.00831373495748 1074.61604224517941 -1.02332549095724 1.00000000000000
2053.93351239169715 1074.74390753917396 -1.03010275206615 1.00000000000000
2053.86070265865419 1074.87058335915208 -1.03340598268222 1.00000000000000
2053.78917956922669 1074.99501014593989 -1.03687209873697 1.00000000000000
2053.71982952847611 1075.11779642989859 -1.03963306407953 1.00000000000000
2053.65106400748482 1075.23927534185350 -1.04142367247809 1.00000000000000
2053.58391553815454 1075.35957754217088 -1.04400697761390 1.00000000000000
2053.51690556854010 1075.47950882604346 -1.04538104864607 1.00000000000000
2053.45251763553824 1075.59683919465169 -1.04746089653337 1.00000000000000
2053.38805458607385 1075.71338168391958 -1.04910730673141 1.00000000000000
2053.32557435997296 1075.82812849944457 -1.05009411871342 1.00000000000000
2053.26312813704135 1075.94220618857071 -1.05243125700287 1.00000000000000
2053.20214708172716 1076.05616616364568 -1.05345206608108 1.00000000000000
2053.14112618518993 1076.16918180324137 -1.05549595744549 1.00000000000000
2053.08192055323161 1076.28193133557215 -1.05697304045089 1.00000000000000
2053.02159711171407 1076.39491557376459 -1.05890742368055 1.00000000000000
2052.96248940913938 1076.51032216986641 -1.06149763061135 1.00000000000000
2052.90102966543054 1076.62742016278207 -1.06412019131683 1.00000000000000
2052.84012520883698 1076.74729477101937 -1.06620738575422 1.00000000000000
2052.77682772430126 1076.86837542476133 -1.06912142730266 1.00000000000000
2052.71491295413580 1076.99099793098867 -1.07238955149330 1.00000000000000
2052.65099010919221 1077.11546417791396 -1.07513871355475 1.00000000000000
2052.58772244997090 1077.24278454156592 -1.07875752304553 1.00000000000000
2052.52253373537678 1077.37155439425260 -1.08097163197174 1.00000000000000
2052.45798994391225 1077.50291764596477 -1.08306764896460 1.00000000000000
2052.39210211136378 1077.63491639262065 -1.08447151334262 1.00000000000000
2052.32720544736367 1077.76935000484809 -1.08494070638049 1.00000000000000
2052.28336816071533 1077.85936180735007 -1.08582690394735 1.00000000000000
2052.23928752914071 1077.95024181017652 -1.08669966585079 1.00000000000000
2052.19500094570685 1078.04222070798278 -1.08856890007187 1.00000000000000
2052.15085252164863 1078.13496423559263 -1.09080550077027 1.00000000000000
2052.10634413233493 1078.22834993293509 -1.09283411856427 1.00000000000000
2052.06138567003654 1078.32235009921715 -1.09561570550672 1.00000000000000
2052.01590693509206 1078.41752590890974 -1.09850257836672 1.00000000000000
2051.97046765923733 1078.51372995181009 -1.10211571886583 1.00000000000000
2051.92501980194356 1078.61073465831578 -1.10526758432218 1.00000000000000
2051.87951090664137 1078.70901966374367 -1.10860892233204 1.00000000000000
2051.83368539623916 1078.80765438824892 -1.11184959792858 1.00000000000000
2051.78785701782908 1078.90720715513453 -1.11499232197122 1.00000000000000
2051.74214064155240 1079.00682529713959 -1.11804724925829 1.00000000000000
2051.69666541821789 1079.10717580514029 -1.12147426708547 1.00000000000000
2051.65130915911868 1079.20806334214285 -1.12462645065103 1.00000000000000
2051.60569108440541 1079.30897642299533 -1.12631225506998 1.00000000000000
2051.56015200389083 1079.40985441021621 -1.12707784873908 1.00000000000000
2051.51402124296874 1079.51108725462109 -1.12780205064830 1.00000000000000
2051.46814086590894 1079.61344036133960 -1.12899973246382 1.00000000000000
2051.42249126126990 1079.71653241803870 -1.13027013778864 1.00000000000000
2051.37713091220940 1079.81965035805479 -1.13110420017505 1.00000000000000
2051.33157662570011 1079.92267770133913 -1.13248385350805 1.00000000000000
2051.28629475843627 1080.02522206958383 -1.13350877862173 1.00000000000000
2051.24157817452215 1080.12751513859257 -1.13455514928489 1.00000000000000
2051.19726269651437 1080.22935356292874 -1.13588887559718 1.00000000000000
2051.15382799645886 1080.33062156243250 -1.13772327131992 1.00000000000000
2051.11102143710013 1080.43089339742437 -1.13940852712753 1.00000000000000
2051.06890155817382 1080.52982436120510 -1.14124922273907 1.00000000000000
2051.02755115553737 1080.62746682390571 -1.14364201854965 1.00000000000000
2050.98674858512823 1080.72418439155445 -1.14591559466633 1.00000000000000
2050.94654026353965 1080.82006842363626 -1.14776083267760 1.00000000000000
2050.90682241122704 1080.91443593660370 -1.14965436473574 1.00000000000000
2050.86791493953206 1081.00763560971245 -1.15164021098027 1.00000000000000
2050.80992490996141 1081.14540936518461 -1.15386236757356 1.00000000000000
2050.75450495479163 1081.28066686354578 -1.15508426430904 1.00000000000000
2050.69911959487945 1081.41301268385723 -1.15488357763746 1.00000000000000
2050.64595168747474 1081.54310902021825 -1.15585313952294 1.00000000000000
2050.59270756063052 1081.67142126895487 -1.15597092410092 1.00000000000000
2050.54169933975209 1081.79802787303925 -1.15676917723496 1.00000000000000
2050.48990692105144 1081.92359795048833 -1.15755982368727 1.00000000000000
2050.44117864989676 1082.04718614742160 -1.16000030610264 1.00000000000000
2050.39155722217401 1082.16996107716113 -1.16195588696172 1.00000000000000
2050.34402760944795 1082.29305034317076 -1.16511905138828 1.00000000000000
2050.29524824919645 1082.41501757968217 -1.16710196334248 1.00000000000000
2050.24835647526197 1082.53599559748545 -1.17005228871729 1.00000000000000
2050.20097481121775 1082.65536629501730 -1.17227887554401 1.00000000000000
2050.15577718161512 1082.77395282173529 -1.17442343054300 1.00000000000000
2050.10986422863789 1082.89178746100515 -1.17577349012176 1.00000000000000
2050.06645955378190 1083.00774635700509 -1.17716279951699 1.00000000000000
2050.02178311307216 1083.12283474998549 -1.17792910191101 1.00000000000000
2049.97954633936752 1083.23606180399656 -1.17891472191212 1.00000000000000
2049.93683267000597 1083.34745353925973 -1.17988851339776 1.00000000000000
2049.89674992102664 1083.45715201226994 -1.18201089760836 1.00000000000000
2049.85513850732241 1083.56691371370107 -1.18355895892342 1.00000000000000
2049.81578735902440 1083.67532953200862 -1.18626818576566 1.00000000000000
2049.77490749442950 1083.78378875693306 -1.18769891255910 1.00000000000000
2049.73609667096753 1083.89058022759855 -1.19041285474829 1.00000000000000
2049.69631167489570 1083.99785442929715 -1.19186688315367 1.00000000000000
2049.65826851804741 1084.10500005725771 -1.19477902029606 1.00000000000000
2049.61852719949093 1084.21253187395632 -1.19656695831567 1.00000000000000
2049.58050376002211 1084.31936046853662 -1.19868653642801 1.00000000000000
2049.54118949692929 1084.42688998859376 -1.19976605996497 1.00000000000000
2049.50310762668960 1084.53558460157365 -1.20117138854659 1.00000000000000
2049.46356170438230 1084.64455034630373 -1.20254429245359 1.00000000000000
2049.42543831816874 1084.75328549230471 -1.20365708133375 1.00000000000000
2049.38609479559818 1084.86229958198965 -1.20461819151925 1.00000000000000
2049.34834988921648 1084.97061701584607 -1.20568238654575 1.00000000000000
2049.30967371980660 1085.07936518965289 -1.20713278395020 1.00000000000000
2049.27229673787951 1085.18838355317712 -1.20864038335748 1.00000000000000
2049.23389609169681 1085.29765822645277 -1.21059840166647 1.00000000000000
2049.19696916150860 1085.40675790421665 -1.21309965999964 1.00000000000000
2049.15905137499794 1085.51627654768527 -1.21534888593179 1.00000000000000
2049.12284548138268 1085.62495514145121 -1.21822917863890 1.00000000000000
2049.08557434991235 1085.73420333443210 -1.21990330579199 1.00000000000000
2049.04920068383217 1085.84346799412742 -1.22262131927933 1.00000000000000
2049.01192731701303 1085.95315926754847 -1.22426948918323 1.00000000000000
2048.97576338506769 1086.06274021044374 -1.22676039776518 1.00000000000000
2048.93906293093460 1086.17275110725313 -1.22853162380359 1.00000000000000
2048.90374877658905 1086.28262553270906 -1.23037394210791 1.00000000000000
2048.86729372222908 1086.39267047448084 -1.23152789087397 1.00000000000000
2048.83251462841872 1086.50284296087921 -1.23273788539831 1.00000000000000
2048.79609724233160 1086.61414509546012 -1.23364662153552 1.00000000000000
2048.76116505684331 1086.72593474015594 -1.23507618090438 1.00000000000000
2048.72474565438461 1086.83774136379361 -1.23539511373996 1.00000000000000
2048.69012491917238 1086.94922568788752 -1.23781616911929 1.00000000000000
2048.65463493659627 1087.06086121546105 -1.23950658312211 1.00000000000000
2048.61993285088101 1087.17304892605171 -1.24170842515292 1.00000000000000
2048.58424159931019 1087.28646727884188 -1.24338129150321 1.00000000000000
2048.54910675407154 1087.40091009251773 -1.24574333630706 1.00000000000000
2048.51321366516640 1087.51621496398002 -1.24768705474125 1.00000000000000
2048.47861273051240 1087.63181863585487 -1.24942963573546 1.00000000000000
2048.44328998337733 1087.74624641379341 -1.24998336264659 1.00000000000000
2048.40892026794609 1087.86021072417498 -1.25089313054844 1.00000000000000
2048.37362294149352 1087.97424981137738 -1.25071988127523 1.00000000000000
2048.33932609041221 1088.08971617184579 -1.25149519319481 1.00000000000000
2048.30387667875038 1088.20510212099180 -1.25150619001792 1.00000000000000
2048.26971355418209 1088.32117562228814 -1.25297825718723 1.00000000000000
2048.23434468766209 1088.43821252323687 -1.25376161027129 1.00000000000000
2048.20048202911858 1088.55534166097641 -1.25629485634419 1.00000000000000
2048.16532362159342 1088.67243150901049 -1.25802315615654 1.00000000000000
2048.13154563721037 1088.79025174118578 -1.26065277697169 1.00000000000000
2048.09655733488034 1088.90902866329998 -1.26317636573110 1.00000000000000
2048.06302894721739 1089.02733580535278 -1.26595422162739 1.00000000000000
2048.02867295133183 1089.14474457735196 -1.26810184398679 1.00000000000000
2047.99565785762388 1089.26239225128666 -1.27084188505754 1.00000000000000
2047.96201899787411 1089.38004434155300 -1.27342431102052 1.00000000000000
2047.92926368891494 1089.49784370232373 -1.27585012740510 1.00000000000000
2047.89582452923059 1089.61557618342340 -1.27768146202074 1.00000000000000
2047.86318826721981 1089.73317328887060 -1.28014016122404 1.00000000000000
2047.83077380724717 1089.84992643911391 -1.28237186198383 1.00000000000000
2047.80079528002534 1089.96493976097554 -1.28469004976134 1.00000000000000
2047.76999543153215 1090.07860559318215 -1.28620613308075 1.00000000000000
2047.74031832278706 1090.19040087191388 -1.28719615725210 1.00000000000000
2047.71067468886031 1090.30011864146218 -1.28805647464203 1.00000000000000
2047.68300121405628 1090.40758395241573 -1.28939463834251 1.00000000000000
2047.65498993155779 1090.51312449900433 -1.29048605324349 1.00000000000000
2047.62878751626704 1090.61614520568401 -1.29169620344396 1.00000000000000
2047.60189799743239 1090.71704178582877 -1.29275748564704 1.00000000000000
2047.57677283312660 1090.81543828127906 -1.29379132677747 1.00000000000000
2047.54400750633795 1090.94353300100192 -1.29644376554403 1.00000000000000
2047.51184374652803 1091.06808661995456 -1.29879671160450 1.00000000000000
2047.48088716564234 1091.19024210795760 -1.30109426683361 1.00000000000000
2047.45101349527249 1091.30934872524813 -1.30311434090364 1.00000000000000
2047.42295460368041 1091.42556364135817 -1.30541754856145 1.00000000000000
2047.39568691235036 1091.53785432735458 -1.30805662572858 1.00000000000000
2047.36944906151621 1091.64688970288262 -1.30975166852561 1.00000000000000
2047.34387741715182 1091.75262523023412 -1.31115814861256 1.00000000000000
2047.31959073711187 1091.85520946932957 -1.31279579431374 1.00000000000000
2047.29611247137655 1091.95420675864443 -1.31337435178769 1.00000000000000
2047.26742667658255 1092.07418968435377 -1.31523140754949 1.00000000000000
2047.24016539630247 1092.19099083775654 -1.31724427525320 1.00000000000000
2047.21189454483101 1092.30844106897712 -1.31913992812145 1.00000000000000
2047.18400502938312 1092.42562137264758 -1.32105991443325 1.00000000000000
2047.15554926334880 1092.54654649971053 -1.32363110442827 1.00000000000000
2047.13250531890662 1092.64662149129435 -1.32542771097407 1.00000000000000
2047.10885265597608 1092.74977467861027 -1.32761668761177 1.00000000000000
2047.08482899831142 1092.85707929637283 -1.33039168871840 1.00000000000000
2047.05927744857036 1092.97025554254651 -1.33258877081542 1.00000000000000
2047.03419286076678 1093.08575718337670 -1.33556745895434 1.00000000000000
2047.00851445563603 1093.20529243210331 -1.33831846063909 1.00000000000000
2046.98288257326931 1093.32710832264274 -1.34108583444854 1.00000000000000
2046.95756111363880 1093.45015706401318 -1.34325973099843 1.00000000000000
2046.93237010249868 1093.57504775095731 -1.34609025079510 1.00000000000000
2046.90802188264206 1093.69804405327886 -1.34808590284494 1.00000000000000
2046.88529578747693 1093.81370494607836 -1.34975853746248 1.00000000000000
2046.86450520763174 1093.92070541484281 -1.35082193984167 1.00000000000000
2046.84410571272019 1094.02526688575745 -1.35166842828946 1.00000000000000
2046.82254552131053 1094.13768888730556 -1.35291734475987 1.00000000000000
