2034.38206468767021 1087.25611997209489 -1.49522930551695 1.00000000000000
2034.38274676620495 1087.35763829527423 -1.52654646204507 1.00000000000000
2034.38397923769662 1087.47058271709830 -1.55594065811470 1.00000000000000
2034.38764692656696 1087.59329222654924 -1.58437512770992 1.00000000000000
2034.39452124480158 1087.70851778378710 -1.61026899814007 1.00000000000000
2034.40512820146978 1087.83592590456828 -1.63819513038825 1.00000000000000
2034.41626705566887 1087.94017082639039 -1.66073886064397 1.00000000000000
2034.42987173399888 1088.05173121718690 -1.68363788852241 1.00000000000000
2034.44758912618272 1088.17047533625737 -1.70836998499404 1.00000000000000
2034.46897979581263 1088.29604984819889 -1.73374931690655 1.00000000000000
2034.49454360164236 1088.42712472053245 -1.76056758635817 1.00000000000000
2034.52492865745444 1088.56390605773777 -1.78792098859358 1.00000000000000
2034.55983844306320 1088.70492350915447 -1.81575155522292 1.00000000000000
2034.60047832969576 1088.84931523399428 -1.84459646929684 1.00000000000000
2034.63074334803969 1088.94840934360400 -1.86365245820747 1.00000000000000
2034.66319940926041 1089.04826616356149 -1.88358905149266 1.00000000000000
2034.69755779346451 1089.14844682812691 -1.90297295773694 1.00000000000000
2034.73403826693539 1089.24883554782718 -1.92183964789493 1.00000000000000
2034.77264847257175 1089.34949010051787 -1.94174654672270 1.00000000000000
2034.81323446537135 1089.45037933252752 -1.96186398161170 1.00000000000000
2034.85675063380040 1089.55192025611177 -1.98141965581384 1.00000000000000
2034.90250689722598 1089.65366366272792 -2.00115265422898 1.00000000000000
2034.95078589272453 1089.75596541073173 -2.02167194901863 1.00000000000000
2035.00173166475724 1089.85839173244312 -2.04197225783401 1.00000000000000
2035.05540375894634 1089.96039528911933 -2.06274028403691 1.00000000000000
2035.11132274329429 1090.06198237976059 -2.08378363764602 1.00000000000000
2035.16977482719813 1090.16334908595309 -2.10471846526005 1.00000000000000
2035.23107095318846 1090.26433900278062 -2.12606064600074 1.00000000000000
2035.29523647262249 1090.36531756585464 -2.14797576937302 1.00000000000000
2035.36234471714124 1090.46601571142673 -2.16957137202252 1.00000000000000
2035.43236051057465 1090.56577684311196 -2.19131285842897 1.00000000000000
2035.50533362384886 1090.66459604445845 -2.21388446751942 1.00000000000000
2035.58070235472405 1090.76246372796595 -2.23603380132530 1.00000000000000
2035.65944115375169 1090.86002342449501 -2.25845049719230 1.00000000000000
2035.74120275437599 1090.95660788891837 -2.28178626357513 1.00000000000000
2035.82537757919636 1091.05185358831659 -2.30445211218951 1.00000000000000
2035.91250691463938 1091.14590364927426 -2.32792940356154 1.00000000000000
2036.00261712470092 1091.23841500794515 -2.35174766093654 1.00000000000000
2036.09604696184397 1091.32927350513637 -2.37565463852508 1.00000000000000
2036.19243069016375 1091.41828928515315 -2.39953621713397 1.00000000000000
2036.29062356881332 1091.50543901696801 -2.42361059535958 1.00000000000000
2036.39151586545631 1091.59063435904682 -2.44757923615068 1.00000000000000
2036.49514519638615 1091.67382024787366 -2.47188780212422 1.00000000000000
2036.60250534827355 1091.75525173125789 -2.49686697476472 1.00000000000000
2036.71196489455178 1091.83385652350262 -2.52169798081875 1.00000000000000
2036.82408829231281 1091.91028681304306 -2.54663797516726 1.00000000000000
2036.93910294701345 1091.98432479053736 -2.57180282034881 1.00000000000000
2037.05637481348822 1092.05602204427123 -2.59707894004411 1.00000000000000
2037.17590729659423 1092.12430850323290 -2.62252939566786 1.00000000000000
2037.29782308742870 1092.18995357025415 -2.64824018180292 1.00000000000000
2037.42240976355970 1092.25261167110875 -2.67458245548404 1.00000000000000
2037.54915434145369 1092.31236069090664 -2.70053596600779 1.00000000000000
2037.67860696016578 1092.36923417402431 -2.72636484146373 1.00000000000000
2037.81001647462836 1092.42312663327903 -2.75255598457518 1.00000000000000
2037.94296414288692 1092.47363971266896 -2.77879040747756 1.00000000000000
2038.07730480784085 1092.52031577425078 -2.80534592821977 1.00000000000000
2038.21354903234169 1092.56344982748851 -2.83218602386726 1.00000000000000
2038.35114927904215 1092.60277248313650 -2.85935659354428 1.00000000000000
2038.49020984838717 1092.63862759107724 -2.88631618390452 1.00000000000000
2038.63035205611959 1092.67113840999082 -2.91257489847613 1.00000000000000
2038.77169533842243 1092.70008204737678 -2.93876881250634 1.00000000000000
2038.91427797463257 1092.72496539866552 -2.96593118633010 1.00000000000000
2039.05815285164863 1092.74574325140566 -2.99287804874928 1.00000000000000
2039.20280177862151 1092.76250673551112 -3.01994237364829 1.00000000000000
2039.34806850831956 1092.77462790347636 -3.04773007777683 1.00000000000000
2039.49316403915873 1092.78332369960845 -3.07529337652158 1.00000000000000
2039.63870763790328 1092.78799661854282 -3.10255800278545 1.00000000000000
2039.78428664151579 1092.78850359329954 -3.13038425232559 1.00000000000000
2039.93048308015568 1092.78470244538039 3.12501709976937 1.00000000000000
2040.07688605802832 1092.77615540940315 3.09730031991980 1.00000000000000
2040.22296917007770 1092.76381880557165 3.06931705616546 1.00000000000000
2040.36851241940167 1092.74755471711978 3.04204342152487 1.00000000000000
2040.51341877959203 1092.72696592332795 3.01520024157129 1.00000000000000
2040.65720869792858 1092.70227566268295 2.98796708431266 1.00000000000000
2040.79942614247557 1092.67342247907072 2.96062454372130 1.00000000000000
2040.93974810582586 1092.64049125788733 2.93429477142853 1.00000000000000
2041.07726017886307 1092.60410601412877 2.90781688258439 1.00000000000000
2041.21154809300788 1092.56512920558453 2.88172618658642 1.00000000000000
2041.34051689860644 1092.52364921523258 2.85632590099671 1.00000000000000
2041.46293491928373 1092.48045486398041 2.83114255035018 1.00000000000000
2041.58732933009742 1092.43282265681773 2.80698059174233 1.00000000000000
2041.70576834597159 1092.38446853123605 2.78273302691503 1.00000000000000
2041.82346101541771 1092.33326992858201 2.75846127137457 1.00000000000000
2041.93765248841373 1092.28025458287448 2.73550014858289 1.00000000000000
2042.04981885157758 1092.22529632737860 2.71244735572876 1.00000000000000
2042.15743933187332 1092.16920688143000 2.68967255691845 1.00000000000000
2042.26225904631428 1092.11173754557967 2.66797300386271 1.00000000000000
2042.36345889209770 1092.05305782565847 2.64673006058539 1.00000000000000
2042.46090846566949 1091.99383406294510 2.62497024148761 1.00000000000000
2042.55399480520282 1091.93407462537289 2.60357266078295 1.00000000000000
2042.64394124969840 1091.87349455896765 2.58344350612235 1.00000000000000
2042.73118797357893 1091.81198944337666 2.56294099199784 1.00000000000000
2042.81460281368345 1091.75073177600279 2.54261759310220 1.00000000000000
2042.89553305704612 1091.68884581187740 2.52330844795735 1.00000000000000
2042.97384042444173 1091.62614946207032 2.50447508852668 1.00000000000000
2043.08173040440306 1091.53302965639159 2.47527900119691 1.00000000000000
2043.19024648889899 1091.43860537838191 2.44903754897720 1.00000000000000
2043.28630491322838 1091.34576158830896 2.42107295911113 1.00000000000000
2043.38428118312731 1091.25110034924001 2.39682970406598 1.00000000000000
2043.46962975605857 1091.15932103386149 2.37076703189842 1.00000000000000
2043.55588894069660 1091.06687835371122 2.34837195235129 1.00000000000000
2043.63087693182752 1090.97751499852166 2.32299873894088 1.00000000000000
2043.70755750499666 1090.88722891686484 2.30270845702797 1.00000000000000
2043.77242840046529 1090.80349938431755 2.28032444560136 1.00000000000000
2043.83859225304332 1090.71874535037205 2.26046699799709 1.00000000000000
2043.91584678355139 1090.61141005950049 2.23423462182084 1.00000000000000
2043.98620108258910 1090.50755481235683 2.20983115194898 1.00000000000000
2044.05072545050643 1090.40797483595088 2.18551324290328 1.00000000000000
2044.10905708279461 1090.31270424602553 2.16253381230792 1.00000000000000
2044.16327308933251 1090.21976936515421 2.14120847259211 1.00000000000000
2044.21245279337745 1090.13011157186702 2.11914035542028 1.00000000000000
2044.26753797067795 1090.02205683849752 2.09230431958689 1.00000000000000
2044.32330536044901 1089.91045408695936 2.06669407341868 1.00000000000000
2044.37152540800162 1089.80217612115666 2.03904581946824 1.00000000000000
2044.42227175435983 1089.68596471333876 2.01217369648086 1.00000000000000
2044.46037576114759 1089.59128605667502 1.99039710354888 1.00000000000000
2044.49751972634112 1089.49279893096536 1.96743910193869 1.00000000000000
2044.53409488912439 1089.38995178090408 1.94433998807259 1.00000000000000
2044.56980120757362 1089.28250395599753 1.92015648835879 1.00000000000000
2044.60487366083544 1089.16905427910388 1.89453048974590 1.00000000000000
2044.63868023885880 1089.04994839662686 1.86869203833617 1.00000000000000
2044.67129059659783 1088.92406469257548 1.84071413714207 1.00000000000000
2044.69428632839117 1088.82598811993375 1.81989143260260 1.00000000000000
2044.71743780851830 1088.72181372623891 1.79866691900830 1.00000000000000
2044.73794641694985 1088.61641441890970 1.77655812301278 1.00000000000000
2044.75797114748275 1088.50481708580628 1.75464816797797 1.00000000000000
2044.77535377524327 1088.39217769727111 1.73155322883385 1.00000000000000
2044.79155163106043 1088.27323746308684 1.70883158233072 1.00000000000000
2044.80490264098626 1088.15304134692997 1.68463778459993 1.00000000000000
2044.81607020430965 1088.02641868544742 1.66109322114972 1.00000000000000
2044.82463828893378 1087.89978895802051 1.63619975685781 1.00000000000000
2044.83026737935143 1087.76778687909245 1.61212200755843 1.00000000000000
2044.83314613578841 1087.63653258653358 1.58634560461923 1.00000000000000
2044.83226698311046 1087.49911838583648 1.56106862147996 1.00000000000000
2044.82864430826157 1087.36171868024394 1.53476825194243 1.00000000000000
2044.82024978578556 1087.21939263027161 1.50881596300827 1.00000000000000
2044.80919576424640 1087.07756854919717 1.48197509335692 1.00000000000000
2044.79291088180616 1086.93115671025589 1.45521604088319 1.00000000000000
2044.77356269746087 1086.78603604575619 1.42777359118221 1.00000000000000
2044.74888929165900 1086.63636641344056 1.40022086239030 1.00000000000000
2044.73023789061699 1086.53694391017780 1.38160367504978 1.00000000000000
2044.70976239047013 1086.43759644823149 1.36305401871294 1.00000000000000
2044.68725899723358 1086.33804373955354 1.34423443236786 1.00000000000000
2044.66281931777485 1086.23870626557618 1.32508077003527 1.00000000000000
2044.63627931766678 1086.13902691891417 1.30624093517677 1.00000000000000
2044.60766629560385 1086.03874529479071 1.28738697937720 1.00000000000000
2044.57700773887336 1085.93830733746290 1.26799580760786 1.00000000000000
2044.54409893241245 1085.83756106672809 1.24820226153280 1.00000000000000
2044.50840145489201 1085.73664798727259 1.22880901537471 1.00000000000000
2044.47070555924438 1085.63604227500036 1.20910889288078 1.00000000000000
2044.43077447370160 1085.53539844090119 1.18891212532877 1.00000000000000
2044.38903279195074 1085.43576160585508 1.16914635327324 1.00000000000000
2044.34445121663157 1085.33530821790919 1.14920231103217 1.00000000000000
2044.29714583168970 1085.23485651146621 1.12846059375283 1.00000000000000
2044.24777877959423 1085.13514937181026 1.10769565687916 1.00000000000000
2044.19596165523399 1085.03584616677836 1.08728748247943 1.00000000000000
2044.14150421967497 1084.93689494067803 1.06646589016315 1.00000000000000
2044.08443220763002 1084.83821358531713 1.04503384772864 1.00000000000000
2044.02534395281691 1084.74053421290591 1.02442742873323 1.00000000000000
2043.96396416274365 1084.64348558476195 1.00343724516409 1.00000000000000
2043.90057641558815 1084.54782454203814 0.98243943591139 1.00000000000000
2043.83461547031766 1084.45290137175471 0.96160766177148 1.00000000000000
2043.76627341512358 1084.35925672063604 0.94071566980946 1.00000000000000
2043.69673969299765 1084.26756985671818 0.91953818176149 1.00000000000000
2043.62561219447525 1084.17855194816366 0.89868388615464 1.00000000000000
2043.55377073865384 1084.09162406530231 0.87865582812606 1.00000000000000
2043.47997674392536 1084.00644137244672 0.85837436817271 1.00000000000000
2043.40515445452183 1083.92355620535091 0.83872942668375 1.00000000000000
2043.32986560912104 1083.84358572401106 0.81931275618777 1.00000000000000
2043.25439824815840 1083.76673601008952 0.79952590844864 1.00000000000000
2043.17847723490559 1083.69202322373167 0.78053358715194 1.00000000000000
2043.10216622159351 1083.61961204232648 0.76204819812243 1.00000000000000
2043.02571953739971 1083.55015905341133 0.74359002669696 1.00000000000000
2042.94929818861419 1083.48344428418204 0.72503220559313 1.00000000000000
2042.87245269247796 1083.41893099248409 0.70717867037631 1.00000000000000
2042.76035995082930 1083.32870040461421 0.68074607549948 1.00000000000000
2042.64462249015924 1083.24093722784892 0.65455871528616 1.00000000000000
2042.53231450181920 1083.16081571625546 0.62888041970169 1.00000000000000
2042.41683094552718 1083.08252446819097 0.60336554266543 1.00000000000000
2042.30600369325839 1083.01190779078752 0.57837500501461 1.00000000000000
2042.19155048369430 1082.94285024609417 0.55390152433306 1.00000000000000
2042.08101874520071 1082.88034530077130 0.52951413676246 1.00000000000000
2041.96731394436210 1082.81930651655421 0.50559474567926 1.00000000000000
2041.85856973694172 1082.76528319437057 0.48144270352701 1.00000000000000
2041.74638181971386 1082.71157538704574 0.45869003767359 1.00000000000000
2041.63924358179793 1082.66480744769797 0.43507572724506 1.00000000000000
2041.52867586375214 1082.61821932019666 0.41325158315920 1.00000000000000
2041.42335117701441 1082.57828269572929 0.39051148437667 1.00000000000000
2041.31478102772962 1082.53808590676636 0.36932551250885 1.00000000000000
2041.21176323737018 1082.50429144967347 0.34733134236565 1.00000000000000
2041.10583884711377 1082.47031725849956 0.32666322201176 1.00000000000000
2041.00537531316513 1082.44211038574576 0.30515682479453 1.00000000000000
2040.90096242725849 1082.41332605481148 0.28561463470423 1.00000000000000
2040.80232340341900 1082.38993625901639 0.26453969361595 1.00000000000000
2040.70012802642304 1082.36649757670239 0.24521912514876 1.00000000000000
2040.56839484762168 1082.34038751106709 0.21901360341912 1.00000000000000
2040.43999850074761 1082.31845786375925 0.19332048784377 1.00000000000000
2040.31511031277478 1082.30064321355894 0.16841901292037 1.00000000000000
2040.19201700412668 1082.28629703726619 0.14402263864491 1.00000000000000
2040.07121923170052 1082.27557444619015 0.11980034662381 1.00000000000000
2039.95321182871703 1082.26760051865131 0.09615677282556 1.00000000000000
2039.83708268252667 1082.26239633094519 0.07295513657430 1.00000000000000
2039.72291916987160 1082.25980556337163 0.04999497364787 1.00000000000000
2039.60815109778196 1082.25971849309281 0.02655199130093 1.00000000000000
2039.49278128740843 1082.26258026016876 0.00259694415046 1.00000000000000
2039.37447426130529 1082.26877043023705 -0.02320680661629 1.00000000000000
2039.25192135438556 1082.27812970150262 -0.04895792563519 1.00000000000000
2039.12350497033913 1082.29111729282886 -0.07703790248938 1.00000000000000
2038.99012376525206 1082.30845594080165 -0.10530617993218 1.00000000000000
2038.88705925678369 1082.32457217853516 -0.12729667884348 1.00000000000000
2038.77829995215870 1082.34239387838170 -0.14850212391703 1.00000000000000
2038.66988497570856 1082.36376780690625 -0.17154143857490 1.00000000000000
2038.55615659279283 1082.38741064444184 -0.19377703546994 1.00000000000000
2038.44403094740119 1082.41413380810991 -0.21751251658951 1.00000000000000
2038.32622110762168 1082.44402776239440 -0.24030815760414 1.00000000000000
2038.20931192755233 1082.47745890542865 -0.26516592504849 1.00000000000000
2038.08798902656417 1082.51434545312077 -0.28871199793244 1.00000000000000
2037.96874513686635 1082.55462501663715 -0.31438080716000 1.00000000000000
2037.84512422571424 1082.59901762986556 -0.33942081981548 1.00000000000000
2037.72240787453484 1082.64712450420484 -0.36577547203162 1.00000000000000
2037.59487126627937 1082.70045069372281 -0.39222831723130 1.00000000000000
2037.46918743557762 1082.75725160771981 -0.41917504256436 1.00000000000000
2037.34071646269877 1082.81905957357958 -0.44621447565357 1.00000000000000
2037.21415797353256 1082.88442675024271 -0.47413260081239 1.00000000000000
2037.08526716649067 1082.95501545025036 -0.50152568342766 1.00000000000000
2036.95841859071516 1083.02917999913916 -0.52984014676495 1.00000000000000
2036.87275358324405 1083.08168586622924 -0.54894290712548 1.00000000000000
2036.78703641693573 1083.13655386399478 -0.56795602474378 1.00000000000000
2036.70185653469525 1083.19299302203581 -0.58734643002635 1.00000000000000
2036.61719358502887 1083.25213307980448 -0.60717220469996 1.00000000000000
2036.53285614575725 1083.31343916291371 -0.62658303953437 1.00000000000000
2036.44899985298980 1083.37647655187175 -0.64614126859717 1.00000000000000
2036.36546292516869 1083.44214887497947 -0.66634167879896 1.00000000000000
2036.28250187728554 1083.50967401964590 -0.68639660828475 1.00000000000000
2036.20044837135356 1083.57975574070588 -0.70641631353756 1.00000000000000
2036.11914249160327 1083.65164370229468 -0.72681351403729 1.00000000000000
2036.03898847376695 1083.72533824155107 -0.74692355319229 1.00000000000000
2035.95975019410253 1083.80157354939729 -0.76706981937306 1.00000000000000
2035.88134837278631 1083.87978547951207 -0.78782795651321 1.00000000000000
2035.80396961484803 1083.96046348568052 -0.80838954595542 1.00000000000000
2035.72756786551327 1084.04355867719278 -0.82920163802558 1.00000000000000
2035.65266134869307 1084.12915805960074 -0.85106809534389 1.00000000000000
2035.57900446013082 1084.21691882424057 -0.87254550407250 1.00000000000000
2035.50675948138814 1084.30699931923300 -0.89395366925123 1.00000000000000
2035.43618104467168 1084.39835582161322 -0.91564037302592 1.00000000000000
2035.36719479091698 1084.49210424209014 -0.93711256758792 1.00000000000000
2035.29955982888350 1084.58759454172105 -0.95866349177515 1.00000000000000
2035.23436149320332 1084.68494884809479 -0.98088068559338 1.00000000000000
2035.17084034840809 1084.78462303988636 -1.00336109091741 1.00000000000000
2035.10926001012558 1084.88619756978005 -1.02552766081128 1.00000000000000
2035.04989086138085 1084.98966047680005 -1.04795490682120 1.00000000000000
2034.99243802973069 1085.09529893752187 -1.07075189233354 1.00000000000000
2034.93701968359528 1085.20313126826659 -1.09344964069446 1.00000000000000
2034.88379363459535 1085.31331339431927 -1.11642632385152 1.00000000000000
2034.83256702439394 1085.42521421611309 -1.13931307449328 1.00000000000000
2034.78376134124119 1085.53904572920874 -1.16303046232724 1.00000000000000
2034.73791822156636 1085.65426617302001 -1.18659431327427 1.00000000000000
2034.69464232935570 1085.77093978691846 -1.20933492795942 1.00000000000000
2034.65394848102005 1085.88772888621315 -1.23259078992538 1.00000000000000
2034.61610822041985 1086.00567153608426 -1.25600006716566 1.00000000000000
2034.58096753212158 1086.12492384342477 -1.27868683515850 1.00000000000000
2034.54869867197704 1086.24413826083764 -1.30202541375619 1.00000000000000
2034.51948563719634 1086.36388322245330 -1.32528851216085 1.00000000000000
2034.49308304768056 1086.48447449831292 -1.34815039066435 1.00000000000000
2034.46942128008232 1086.60547936195508 -1.37186359276497 1.00000000000000
2034.44870508671738 1086.72700688941404 -1.39557126526622 1.00000000000000
2034.43091707432177 1086.84915977111086 -1.41793316516999 1.00000000000000
2034.41587532969425 1086.97172570414841 -1.44117288841351 1.00000000000000
2034.40365401608869 1087.09497716184705 -1.46496448512994 1.00000000000000
2034.39451329875737 1087.21877337526530 -1.48766452029185 1.00000000000000
