2061.79954213462770 1056.77522647241130 -1.16465348273306 1.00000000000000
2061.75510486325948 1056.88277258910239 -1.16344803018928 1.00000000000000
2061.71546528954059 1056.97891101054847 -1.16310592224410 1.00000000000000
2061.66883782634977 1057.09056471008807 -1.16360196700074 1.00000000000000
2061.62356498825829 1057.19841853622347 -1.16339056381794 1.00000000000000
2061.57756986300228 1057.30834948038682 -1.16318649867601 1.00000000000000
2061.53556269535329 1057.40870387060568 -1.16304661317799 1.00000000000000
2061.49225034785923 1057.51213456597179 -1.16352449082136 1.00000000000000
2061.45299329189584 1057.60654787672684 -1.16440370262773 1.00000000000000
2061.41343650856288 1057.70219104271382 -1.16568555043929 1.00000000000000
2061.36827121383976 1057.81142784003168 -1.16785605253821 1.00000000000000
2061.32636496936902 1057.91334857745096 -1.17027247303072 1.00000000000000
2061.28618252801243 1058.01161644887179 -1.17239712054539 1.00000000000000
2061.24809893319616 1058.10455651674420 -1.17428504384349 1.00000000000000
2061.20611634803936 1058.20727400900796 -1.17642648076806 1.00000000000000
2061.16371139266994 1058.31157454010099 -1.17883691682624 1.00000000000000
2061.12300049600890 1058.41250559128821 -1.18085283072162 1.00000000000000
2061.08539528236724 1058.50614547822624 -1.18349929108917 1.00000000000000
2061.04183440690394 1058.61604266986251 -1.18783473194755 1.00000000000000
2060.99870520620607 1058.72595826536417 -1.19189973875750 1.00000000000000
2060.95426351146307 1058.84059038385749 -1.19624543736961 1.00000000000000
2060.91749572375556 1058.93631610693410 -1.19848313236982 1.00000000000000
2060.88113670540042 1059.03147707786411 -1.20161067729363 1.00000000000000
2060.83631666668225 1059.14860947057605 -1.20431267464428 1.00000000000000
2060.80062179756351 1059.24285357724875 -1.20556024453874 1.00000000000000
2060.76379820948932 1059.34080779785290 -1.20698678979557 1.00000000000000
2060.72513748286292 1059.44430277775973 -1.20749513701621 1.00000000000000
2060.68455558642745 1059.55361676262692 -1.20726161451363 1.00000000000000
2060.64246303157415 1059.66741073038429 -1.20530446418907 1.00000000000000
2060.59847206762061 1059.78639576630667 -1.20240295644960 1.00000000000000
2060.55368234362686 1059.90704026399180 -1.19860222704664 1.00000000000000
2060.50896782422205 1060.02741814078763 -1.19340462055876 1.00000000000000
2060.46464231202845 1060.14708265056834 -1.18909189603086 1.00000000000000
2060.42115815426223 1060.26522757392377 -1.18429182348684 1.00000000000000
2060.37784106691834 1060.38306641532108 -1.18106699205762 1.00000000000000
2060.33555219951086 1060.49939692160115 -1.17868574470037 1.00000000000000
2060.29403545777313 1060.61385213630274 -1.17589329087484 1.00000000000000
2060.25340043636970 1060.72628089832142 -1.17422628862048 1.00000000000000
2060.21264108829200 1060.83833265863359 -1.17144332677406 1.00000000000000
2060.17386640654877 1060.94546530069783 -1.16988248705900 1.00000000000000
2060.13664327387232 1061.04753587814048 -1.16804806595169 1.00000000000000
2060.10208927234635 1061.14272743277252 -1.16713894182620 1.00000000000000
2060.06142569688382 1061.25225006369874 -1.16485951107762 1.00000000000000
2060.02691201411653 1061.35075326962397 -1.16416097068281 1.00000000000000
2059.99024695385015 1061.45220167189837 -1.16281244813484 1.00000000000000
2059.95555535197491 1061.54799540713429 -1.16123624571870 1.00000000000000
2059.92019075690769 1061.65140877896920 -1.16041414440379 1.00000000000000
2059.88246604392771 1061.75779275503010 -1.15987075896047 1.00000000000000
2059.84673863905482 1061.85156193282455 -1.15658155867238 1.00000000000000
2059.80616737622768 1061.95863256789744 -1.15279606908866 1.00000000000000
2059.76649236027151 1062.06021976144984 -1.14803301229300 1.00000000000000
2059.72510137455538 1062.16451958985999 -1.14460330333196 1.00000000000000
2059.68468496785499 1062.26602199068293 -1.14113517628379 1.00000000000000
2059.64224142755847 1062.37135787727311 -1.13721923414071 1.00000000000000
2059.60453240550123 1062.46777396649122 -1.13410041489422 1.00000000000000
2059.56664737313986 1062.56048654997721 -1.13053053012260 1.00000000000000
2059.52619139110902 1062.66105923894793 -1.12848550156146 1.00000000000000
2059.48103295167675 1062.76807037508115 -1.12737664773277 1.00000000000000
2059.43704353488283 1062.87359344353899 -1.12795621292855 1.00000000000000
2059.39639825711492 1062.97059069434181 -1.12845116920603 1.00000000000000
