-195.74377744010417 1327.39792052796111 -2.12099172203503 1.00000000000000
-195.77598510670941 1327.29487959016114 -2.13294904462171 1.00000000000000
-195.82691274333047 1327.19255989044905 -2.13741014997102 1.00000000000000
-195.88737007707823 1327.08331717876717 -2.13985734939649 1.00000000000000
-195.94878263724968 1326.98198727332056 -2.14004381748226 1.00000000000000
-196.02106625423767 1326.86598016042262 -2.13945645014032 1.00000000000000
-196.08176065015141 1326.77116279117763 -2.13896676924120 1.00000000000000
-196.14901838882361 1326.66405302053317 -2.13792913233728 1.00000000000000
-196.22079842549283 1326.55268261535093 -2.13673140198852 1.00000000000000
-196.29841272876365 1326.42968248296529 -2.13525817267598 1.00000000000000
-196.35249046841636 1326.34486530302092 -2.13420255201819 1.00000000000000
-196.40899568831082 1326.25609180191532 -2.13314690213419 1.00000000000000
-196.46792664215900 1326.16347025753930 -2.13202838950022 1.00000000000000
-196.52861886483151 1326.06794689549133 -2.13068615061822 1.00000000000000
-196.59113440639339 1325.96941951802000 -2.12910314103105 1.00000000000000
-196.65556786989328 1325.86747007258236 -2.12774847421086 1.00000000000000
-196.72199567174539 1325.76266030082479 -2.12643069654651 1.00000000000000
-196.78992525400827 1325.65517478622496 -2.12499519997900 1.00000000000000
-196.85955178103177 1325.54525542212650 -2.12364954640962 1.00000000000000
-196.93090312537970 1325.43286950280890 -2.12283200950592 1.00000000000000
-197.00395332271000 1325.31794615229592 -2.12216991298417 1.00000000000000
-197.07830801553791 1325.20112541131675 -2.12112326268094 1.00000000000000
-197.15392665041145 1325.08271396020427 -2.12067998192997 1.00000000000000
-197.23047248699004 1324.96345644025132 -2.12056096009563 1.00000000000000
-197.30695157707669 1324.84430436370894 -2.12003363988948 1.00000000000000
-197.38393365079537 1324.72537324717268 -2.11976555334458 1.00000000000000
-197.46116172522306 1324.60682806652039 -2.11967854861741 1.00000000000000
-197.53861313301604 1324.48899777280167 -2.11980286565343 1.00000000000000
-197.61567982245469 1324.37199895177037 -2.11979358269214 1.00000000000000
-197.69186584133422 1324.25650075962767 -2.11962842429763 1.00000000000000
-197.76788659166778 1324.14166583726183 -2.11982418881402 1.00000000000000
-197.84474352461984 1324.02650311822072 -2.12047492744272 1.00000000000000
-197.92196698533371 1323.91024613054469 -2.12080537901213 1.00000000000000
-197.99901313346345 1323.79471744969487 -2.12123588812974 1.00000000000000
-198.07708138017915 1323.67785718385130 -2.12165242982466 1.00000000000000
-198.15602694090921 1323.55997354397550 -2.12225493023659 1.00000000000000
-198.23647673305823 1323.44008209137246 -2.12252317570071 1.00000000000000
-198.31836780288722 1323.31825618445873 -2.12281463371194 1.00000000000000
-198.40131805499550 1323.19511695578694 -2.12309975044615 1.00000000000000
-198.48511500534369 1323.07071160012856 -2.12327807547472 1.00000000000000
-198.56943844101625 1322.94552334118634 -2.12338994812970 1.00000000000000
-198.65392772667110 1322.81999074202031 -2.12328175656542 1.00000000000000
-198.73882898670854 1322.69344234094024 -2.12353369514056 1.00000000000000
-198.82446879742201 1322.56654729088768 -2.12415200777742 1.00000000000000
-198.90999706735602 1322.43937513092533 -2.12442784746384 1.00000000000000
-198.99521806166740 1322.31285738479346 -2.12469010912346 1.00000000000000
-199.08044568827609 1322.18622702499852 -2.12469349921492 1.00000000000000
-199.16573351633269 1322.05970741109923 -2.12462884979428 1.00000000000000
-199.25096927804407 1321.93330539483577 -2.12471708399870 1.00000000000000
-199.33598051429726 1321.80670129554346 -2.12482109889736 1.00000000000000
-199.42098015936790 1321.68030219199136 -2.12455817615178 1.00000000000000
-199.50623253558297 1321.55382574256510 -2.12487356103569 1.00000000000000
-199.59110585076269 1321.42735427198932 -2.12518142521756 1.00000000000000
-199.67624033504399 1321.30087830824777 -2.12480965224305 1.00000000000000
-199.76111674658023 1321.17449429724365 -2.12506615188035 1.00000000000000
-199.84601497196127 1321.04805943276733 -2.12555821635949 1.00000000000000
-199.93060918501578 1320.92159296525642 -2.12528101218828 1.00000000000000
-200.01499527326087 1320.79552988428622 -2.12506335119059 1.00000000000000
-200.09873537858948 1320.67009524535388 -2.12508683531380 1.00000000000000
-200.18164396274369 1320.54544760100543 -2.12470417496532 1.00000000000000
-200.26394987310050 1320.42176319612190 -2.12393611605502 1.00000000000000
-200.34552693984006 1320.29882950941101 -2.12325011596775 1.00000000000000
-200.42639765469357 1320.17674243776128 -2.12311454907516 1.00000000000000
-200.50631721713580 1320.05543999513611 -2.12272849909643 1.00000000000000
-200.58598163176794 1319.93518461659551 -2.12302641761053 1.00000000000000
-200.66480915597640 1319.81576731614769 -2.12291263248417 1.00000000000000
-200.74315671535442 1319.69705496728420 -2.12269248457223 1.00000000000000
-200.82122389069991 1319.57875740807503 -2.12264380607484 1.00000000000000
-200.89912409894168 1319.46060850378126 -2.12229779926248 1.00000000000000
-200.97695667878725 1319.34241866087541 -2.12167130718507 1.00000000000000
-201.05498571461067 1319.22374941362068 -2.12123521332573 1.00000000000000
-201.13360644981731 1319.10420370241627 -2.12116684870105 1.00000000000000
-201.21221657417482 1318.98422663845122 -2.12030615871385 1.00000000000000
-201.29096996493172 1318.86372611299157 -2.11932345129362 1.00000000000000
-201.37016407772899 1318.74275231640786 -2.11951497650195 1.00000000000000
-201.44970513205044 1318.62108303280547 -2.11940800436836 1.00000000000000
-201.53003179805819 1318.49800415895879 -2.11895229866240 1.00000000000000
-201.61090648930985 1318.37413407722488 -2.11890146826408 1.00000000000000
-201.69193525670562 1318.24964374164119 -2.11883322692521 1.00000000000000
-201.77283911581617 1318.12510527018458 -2.11804131227054 1.00000000000000
-201.85363737400621 1318.00060463370755 -2.11734145574923 1.00000000000000
-201.93441258335952 1317.87600229447708 -2.11724048948501 1.00000000000000
-202.01499534968752 1317.75138823175803 -2.11651793827839 1.00000000000000
-202.09570198174333 1317.62693497398868 -2.11551180010542 1.00000000000000
-202.17587540415116 1317.50258846255019 -2.11529068683556 1.00000000000000
-202.25543550343718 1317.37907360540703 -2.11481663560280 1.00000000000000
-202.33456541388296 1317.25565700745210 -2.11374932282055 1.00000000000000
-202.41357379558031 1317.13192631024867 -2.11310546428722 1.00000000000000
-202.49224656989099 1317.00839232467115 -2.11256869614965 1.00000000000000
-202.57082569343038 1316.88428806560114 -2.11149419326405 1.00000000000000
-202.64984313101741 1316.75975722819567 -2.11058502691104 1.00000000000000
-202.72878838179167 1316.63519817963243 -2.10980872789108 1.00000000000000
-202.80773812939879 1316.51041565276682 -2.10879874683356 1.00000000000000
-202.88642932497896 1316.38572477176785 -2.10782474643326 1.00000000000000
-202.96496915759053 1316.26074847625569 -2.10655075659322 1.00000000000000
-203.04354966850951 1316.13543618610129 -2.10593271261223 1.00000000000000
-203.12243641738314 1316.00952327158302 -2.10611051833756 1.00000000000000
-203.20119050645735 1315.88350258767605 -2.10519283670704 1.00000000000000
-203.27997355320258 1315.75692039541900 -2.10423234104598 1.00000000000000
-203.35947320749983 1315.62912164581940 -2.10362930033340 1.00000000000000
-203.43962613085750 1315.49997289199382 -2.10268899036269 1.00000000000000
-203.52033443411347 1315.36994184553623 -2.10156388235455 1.00000000000000
-203.60112282412592 1315.23942636651918 -2.10059781978800 1.00000000000000
-203.68226493109250 1315.10840825457126 -2.09967867513926 1.00000000000000
-203.76381121459417 1314.97669190261513 -2.09889508632469 1.00000000000000
-203.84564447368030 1314.84398366417736 -2.09831151679605 1.00000000000000
-203.92755523754749 1314.71071154577658 -2.09800892821096 1.00000000000000
-204.00942128442694 1314.57727719610557 -2.09726626252117 1.00000000000000
-204.09124903299380 1314.44355299649760 -2.09655706828992 1.00000000000000
-204.17355648794910 1314.30921439407393 -2.09593074497680 1.00000000000000
-204.25566416862421 1314.17496173270047 -2.09515620623998 1.00000000000000
-204.33774095476838 1314.04072364326566 -2.09446023541822 1.00000000000000
-204.41951573686674 1313.90674281492829 -2.09369929561018 1.00000000000000
-204.50089877727441 1313.77329503092915 -2.09268932268171 1.00000000000000
-204.58176521171117 1313.64047003258020 -2.09156314004781 1.00000000000000
-204.66004935104866 1313.51111508347094 -2.09069191539908 1.00000000000000
-204.73697927081957 1313.38368155667558 -2.09012917333269 1.00000000000000
-204.81421642372152 1313.25521023478359 -2.08940855910096 1.00000000000000
-204.89123918907717 1313.12719435291365 -2.08888050175725 1.00000000000000
-204.96809090429451 1312.99972452456132 -2.08822372435044 1.00000000000000
-205.04389378498308 1312.87348145805299 -2.08726572784677 1.00000000000000
-205.11846734042047 1312.74875591881573 -2.08603668524634 1.00000000000000
-205.19217464403482 1312.62538837362081 -2.08534220661957 1.00000000000000
-205.26481474842876 1312.50324973789975 -2.08446382919356 1.00000000000000
-205.33668760664295 1312.38287750026211 -2.08306416500458 1.00000000000000
-205.40743033960462 1312.26388992415741 -2.08216087400439 1.00000000000000
-205.47700420196634 1312.14600811852142 -2.08168895412880 1.00000000000000
-205.54544052982237 1312.02988586388528 -2.08032667955474 1.00000000000000
-205.61261027562432 1311.91534660197794 -2.07830973262376 1.00000000000000
-205.67864618846215 1311.80233429884538 -2.07630141646394 1.00000000000000
-205.74372209608555 1311.69049784447998 -2.07396302499233 1.00000000000000
-205.80767418432515 1311.57968277670443 -2.07096732675519 1.00000000000000
-205.87051738158334 1311.46967197861522 -2.06678998029831 1.00000000000000
-205.93202547612600 1311.36111398879439 -2.06178233881920 1.00000000000000
-205.99221874965588 1311.25362727139145 -2.05670656021147 1.00000000000000
-206.05105636955705 1311.14729490224272 -2.05106613393503 1.00000000000000
-206.10853991156910 1311.04170650709420 -2.04443727367466 1.00000000000000
-206.16443520959001 1310.93706574290991 -2.03683261044550 1.00000000000000
-206.21826613787562 1310.83349337242544 -2.02976505107513 1.00000000000000
-206.27056260907557 1310.73098478093743 -2.02275529809167 1.00000000000000
-206.32183054578491 1310.62901124125347 -2.01469363616516 1.00000000000000
-206.37109812744893 1310.52772296173498 -2.00601200792556 1.00000000000000
-206.41900715755764 1310.42750461399555 -1.99691224808589 1.00000000000000
-206.46534790599253 1310.32750347582623 -1.98707289497086 1.00000000000000
-206.51004418579396 1310.22786913160235 -1.97669845876441 1.00000000000000
-206.55301874969155 1310.12867810763419 -1.96566890188401 1.00000000000000
-206.59417050087359 1310.03032420342788 -1.95420977311406 1.00000000000000
-206.63371981726959 1309.93237689556554 -1.94238487499606 1.00000000000000
-206.67184344650013 1309.83431701455265 -1.93026023923635 1.00000000000000
-206.70810554915806 1309.73718224186450 -1.91791740008875 1.00000000000000
-206.74225401622243 1309.64092243649065 -1.90535055458642 1.00000000000000
-206.77472667436814 1309.54506934760138 -1.89270979074454 1.00000000000000
-206.82070277247112 1309.40326162753627 -1.87372440462374 1.00000000000000
-206.86064817535225 1309.26323023717850 -1.85407897071129 1.00000000000000
-206.89870598225389 1309.12603302393109 -1.83444915871821 1.00000000000000
-206.93063810537569 1308.99041316984221 -1.81482104332034 1.00000000000000
-206.96168506680988 1308.85648444434628 -1.79445362237152 1.00000000000000
-206.98820685758255 1308.71665325295180 -1.77353359261088 1.00000000000000
-207.01346478395863 1308.58239877922460 -1.75246038941085 1.00000000000000
-207.03163448616397 1308.45167952775955 -1.73056224595578 1.00000000000000
-207.04976139904466 1308.32146071689203 -1.70864810965960 1.00000000000000
-207.06121349218301 1308.18999144062400 -1.68556596421840 1.00000000000000
-207.07310411334038 1308.05707241175696 -1.66234983382743 1.00000000000000
-207.07788761344273 1307.92028149124235 -1.63812573014503 1.00000000000000
-207.08324471244123 1307.78223794978112 -1.61357642378465 1.00000000000000
-207.08059504366247 1307.63997979462147 -1.58683023371199 1.00000000000000
-207.07865436089924 1307.49451338034123 -1.56058595362235 1.00000000000000
-207.06745780527126 1307.34575396263972 -1.53297609847611 1.00000000000000
-207.05950782215223 1307.24488545348868 -1.51439896312585 1.00000000000000
-207.04930236260407 1307.14308058563620 -1.49489687851154 1.00000000000000
-207.03685749100987 1307.03983264509588 -1.47589566246972 1.00000000000000
-207.02249626978301 1306.93591059418395 -1.45681394740289 1.00000000000000
-207.00581465812866 1306.83192038815469 -1.43673000392765 1.00000000000000
-206.98668206331786 1306.72712149191648 -1.41620008095983 1.00000000000000
-206.96516767994035 1306.62163955671713 -1.39523537651902 1.00000000000000
-206.94120097882114 1306.51560194697231 -1.37419756076530 1.00000000000000
-206.91461722925305 1306.40965442406014 -1.35274128211357 1.00000000000000
-206.88606332894415 1306.30398919805884 -1.33022826699990 1.00000000000000
-206.85468813835178 1306.19879191834480 -1.30841158571238 1.00000000000000
-206.82137534400681 1306.09527428541332 -1.28678096429176 1.00000000000000
-206.78446572856046 1305.99344653869048 -1.26243360375619 1.00000000000000
-206.74534302839311 1305.89338884083554 -1.23837947889441 1.00000000000000
-206.70482262718724 1305.79665861604735 -1.21467137365062 1.00000000000000
-206.66325787612004 1305.70451605459675 -1.19014105803038 1.00000000000000
-206.61974206101149 1305.61416787188500 -1.16539050278020 1.00000000000000
-206.57338185975095 1305.52349582733586 -1.14142441531061 1.00000000000000
-206.52537780278362 1305.43311245739460 -1.11766511078268 1.00000000000000
-206.47541034274036 1305.34484563767910 -1.09424441033338 1.00000000000000
-206.40334625373362 1305.21956185204908 -1.06070394996388 1.00000000000000
-206.32514597260160 1305.10622495599091 -1.02430012903568 1.00000000000000
-206.25007102981908 1304.99515692144632 -0.98985774367987 1.00000000000000
-206.16721233283170 1304.89267670735717 -0.95276025877294 1.00000000000000
-206.08730085671414 1304.79108418663964 -0.91798159207742 1.00000000000000
-205.99953900632681 1304.69811084587127 -0.87954284344635 1.00000000000000
-205.91376071725972 1304.60470677027479 -0.84410498952534 1.00000000000000
-205.82128845580155 1304.51934175845236 -0.80631975209966 1.00000000000000
-205.72985534387408 1304.43471337715164 -0.77001839290699 1.00000000000000
-205.63367329130415 1304.35859174653888 -0.73170886552142 1.00000000000000
-205.53868828678969 1304.28197058197111 -0.69560264064414 1.00000000000000
-205.43961364275310 1304.21528742415830 -0.65786620907739 1.00000000000000
-205.34258103056345 1304.14828683109954 -0.62226679358666 1.00000000000000
-205.24264847359154 1304.09219404123724 -0.58596833235601 1.00000000000000
-205.14417756139301 1304.03562226565555 -0.55302167853782 1.00000000000000
-205.04350607399829 1303.98994069546461 -0.51777589739109 1.00000000000000
-204.94541161996312 1303.94234582455829 -0.48764212759339 1.00000000000000
-204.84578864299692 1303.90515862824395 -0.45488425438288 1.00000000000000
-204.74800443276763 1303.86473934352398 -0.42618378757664 1.00000000000000
-204.64725913223810 1303.83277215575799 -0.39743804924082 1.00000000000000
-204.54770159849431 1303.79731963993981 -0.37416389091045 1.00000000000000
-204.44678596721496 1303.76876484928653 -0.35201807897523 1.00000000000000
-204.34603353490820 1303.73592299688607 -0.33591389714115 1.00000000000000
-204.24526355374837 1303.70856775110587 -0.32028756646921 1.00000000000000
-204.14185101608746 1303.67672406975180 -0.30548692934066 1.00000000000000
-204.03764259233139 1303.64804947329685 -0.29237497715568 1.00000000000000
-203.92872852733126 1303.61596201639622 -0.28321429594351 1.00000000000000
-203.81933587160893 1303.58483264502138 -0.27452566007840 1.00000000000000
-203.70603986678179 1303.55135171720758 -0.26731139944546 1.00000000000000
-203.59294350404525 1303.51756092812866 -0.26161925496502 1.00000000000000
-203.47493287548423 1303.48321537533775 -0.25666490800612 1.00000000000000
-203.35720050719101 1303.44617324601859 -0.25257116195645 1.00000000000000
-203.23375329765258 1303.40910270763561 -0.24903414428514 1.00000000000000
-203.11178950866451 1303.36735419696197 -0.24816523966172 1.00000000000000
-202.98356750071980 1303.32888445304707 -0.24642946067697 1.00000000000000
-202.86019767413381 1303.27845860365778 -0.24957656021784 1.00000000000000
-202.72955154860392 1303.23431106843054 -0.24970422601390 1.00000000000000
-202.60243080102373 1303.17920638201758 -0.25402941411362 1.00000000000000
-202.46697201521602 1303.13110906537622 -0.25455561950405 1.00000000000000
-202.33418491412885 1303.07152099395171 -0.26041231706616 1.00000000000000
-202.19490928715095 1303.01752516767010 -0.26333876191028 1.00000000000000
-202.10251893370878 1302.97680142847821 -0.26751844655294 1.00000000000000
-202.00823361438233 1302.93516856711358 -0.27155895902915 1.00000000000000
-201.91263635677751 1302.89317893330008 -0.27475611259725 1.00000000000000
-201.81631729390938 1302.85070529812947 -0.27849646070180 1.00000000000000
-201.71926543139853 1302.80694602290168 -0.28286433640300 1.00000000000000
-201.62120307050645 1302.76270904298872 -0.28661757527434 1.00000000000000
-201.52223904366838 1302.71765328524634 -0.29022809057057 1.00000000000000
-201.42269529431360 1302.67201733309776 -0.29403450132551 1.00000000000000
-201.32223895983770 1302.62545290077105 -0.29765525619847 1.00000000000000
-201.22171446704306 1302.57870099740103 -0.30118326888952 1.00000000000000
-201.11929973610677 1302.53289537318051 -0.30425147984082 1.00000000000000
-201.01639746926958 1302.48668210720643 -0.30696584808399 1.00000000000000
-200.91234794119373 1302.43987791985273 -0.30951872350303 1.00000000000000
-200.81036435952410 1302.39324700739235 -0.31226701975405 1.00000000000000
-200.70883073785808 1302.34743778966367 -0.31487904026886 1.00000000000000
-200.61342436505947 1302.30266691418365 -0.31780766160425 1.00000000000000
-200.51439947466133 1302.25666840746999 -0.32026471533530 1.00000000000000
-200.41843855858315 1302.21082983352244 -0.32296411494520 1.00000000000000
-200.32209673337638 1302.16584657551721 -0.32560898580405 1.00000000000000
-200.22782078618184 1302.12119376892224 -0.32819362925251 1.00000000000000
-200.13542513875291 1302.07697213254869 -0.33038306690222 1.00000000000000
-200.04443397826981 1302.03287815442309 -0.33290122909438 1.00000000000000
-199.91478249168722 1301.96512449299917 -0.33821259296778 1.00000000000000
-199.78443781408714 1301.90711233997717 -0.33936906195710 1.00000000000000
-199.66346244339366 1301.84319932293147 -0.34418152124563 1.00000000000000
-199.54252318647923 1301.78907707985491 -0.34539438528249 1.00000000000000
-199.42985426937230 1301.73032562201843 -0.34889111239427 1.00000000000000
-199.31717392563587 1301.68010962568223 -0.35003678033388 1.00000000000000
-199.21153235528618 1301.62784228054807 -0.35263523039528 1.00000000000000
-199.10726055334089 1301.58138648513705 -0.35318732392618 1.00000000000000
-199.01454880042002 1301.53401554375887 -0.35594848060642 1.00000000000000
-198.90512831578963 1301.48149073170498 -0.35797515795792 1.00000000000000
-198.80062505917158 1301.43177798436955 -0.35934918079460 1.00000000000000
