2025.17728346341755 1096.62930446723476 2.69501242225880 1.00000000000000
2025.28535396035295 1096.57461769320071 2.69588251654045 1.00000000000000
2025.39524674136192 1096.52003710065037 2.69655010490928 1.00000000000000
2025.50206242129207 1096.46698279958218 2.69629112881482 1.00000000000000
2025.59194614546141 1096.42216420592740 2.69622084118011 1.00000000000000
2025.71688982704654 1096.35988312680274 2.69494035170248 1.00000000000000
2025.81338177074213 1096.31197352567688 2.69517159285308 1.00000000000000
2025.92162302252837 1096.25793201988563 2.69415971501879 1.00000000000000
2026.02749738335842 1096.20519197359681 2.69347123148221 1.00000000000000
2026.14357834612019 1096.14703002758324 2.69225127396638 1.00000000000000
2026.25723022059537 1096.09008026821539 2.69128585949549 1.00000000000000
2026.38018804165768 1096.02823795517907 2.68966795382932 1.00000000000000
2026.50102498673368 1095.96771950088441 2.68888597618913 1.00000000000000
2026.62561198626645 1095.90501046320423 2.68829253159983 1.00000000000000
2026.71835882408777 1095.85780442785472 2.68730262254529 1.00000000000000
2026.84881432959810 1095.79135935753584 2.68593623944434 1.00000000000000
2026.93996508460259 1095.74461687449366 2.68506139667412 1.00000000000000
2027.03270790172974 1095.69691841118038 2.68391976669730 1.00000000000000
2027.12720421684207 1095.64820661908016 2.68294479466135 1.00000000000000
2027.22349942283472 1095.59846216440201 2.68189332938848 1.00000000000000
2027.32213862775825 1095.54713085759431 2.68161970093331 1.00000000000000
2027.42346349539002 1095.49448472540826 2.68120598508497 1.00000000000000
2027.52649718587054 1095.44084536517039 2.68059329455464 1.00000000000000
2027.63121217087610 1095.38583900453523 2.67988187813365 1.00000000000000
2027.73760019720066 1095.32975200843066 2.67921088779139 1.00000000000000
2027.84640995046357 1095.27196454769000 2.67843459488651 1.00000000000000
2027.95793583674822 1095.21268170978874 2.67735315475986 1.00000000000000
2028.07196794624906 1095.15177900344133 2.67673536562921 1.00000000000000
2028.18856862734538 1095.08942789305001 2.67625276749414 1.00000000000000
2028.30685850151349 1095.02571744518355 2.67517694677158 1.00000000000000
2028.42764505848754 1094.96070505212992 2.67455909798227 1.00000000000000
2028.55019194236957 1094.89451352553442 2.67406216898064 1.00000000000000
2028.67432927427581 1094.82751047797501 2.67359142190161 1.00000000000000
2028.80107242404483 1094.75892463745549 2.67285899285883 1.00000000000000
2028.92932854860555 1094.68882125383243 2.67180881220251 1.00000000000000
2029.06030299531994 1094.61726580560207 2.67065200187415 1.00000000000000
2029.19162856566254 1094.54514745576307 2.66968137241111 1.00000000000000
2029.32568899716716 1094.47169790090993 2.66857958807690 1.00000000000000
2029.46134920243639 1094.39689598279074 2.66774820198384 1.00000000000000
2029.59943884750828 1094.32076140772551 2.66718037210960 1.00000000000000
2029.73913776420522 1094.24319552676752 2.66577825007874 1.00000000000000
2029.88044737675227 1094.16484628664330 2.66432747559292 1.00000000000000
2030.02291342173703 1094.08603872871026 2.66354562471422 1.00000000000000
2030.16656167467590 1094.00636507105082 2.66243981217744 1.00000000000000
2030.31246922852006 1093.92586418241262 2.66154279995738 1.00000000000000
2030.45801170112099 1093.84511580318213 2.66028937591382 1.00000000000000
2030.60314961918630 1093.76374789187685 2.65899468166356 1.00000000000000
2030.74905167083489 1093.68195017706603 2.65802547372191 1.00000000000000
2030.89508711989038 1093.60043935524300 2.65746819676474 1.00000000000000
2031.04136661672965 1093.51946231443435 2.65679564575424 1.00000000000000
2031.18650392256677 1093.43890817370266 2.65673457558632 1.00000000000000
2031.33123802259797 1093.35841333447024 2.65617322413303 1.00000000000000
2031.47510317189153 1093.27852801000699 2.65567609777307 1.00000000000000
2031.61778607429005 1093.19879155093804 2.65490470920790 1.00000000000000
2031.76033258403186 1093.11877570208162 2.65425459086444 1.00000000000000
2031.90164689079393 1093.03943583881482 2.65375062202838 1.00000000000000
2032.04207699489780 1092.96063800714910 2.65271305425465 1.00000000000000
2032.18142683885526 1092.88250203989446 2.65189011959248 1.00000000000000
2032.32054591726046 1092.80431026406586 2.65207974370606 1.00000000000000
2032.45866569719510 1092.72659379709512 2.65137932333603 1.00000000000000
2032.59582279506139 1092.64930975623429 2.65071840710711 1.00000000000000
2032.73197981319390 1092.57254027621821 2.65066088292362 1.00000000000000
2032.86713824671460 1092.49600680684671 2.65040615116662 1.00000000000000
2033.00196642894298 1092.41960563044995 2.64979974152286 1.00000000000000
2033.13603506563231 1092.34365958767012 2.64967898013195 1.00000000000000
2033.26801463402808 1092.26859416998923 2.64919659380458 1.00000000000000
2033.39878199610393 1092.19361618021503 2.64843249285621 1.00000000000000
2033.52941570663825 1092.11842304188758 2.64757087047135 1.00000000000000
2033.65883453749120 1092.04371137125418 2.64700681539510 1.00000000000000
2033.78767253167462 1091.96981851523742 2.64661447491766 1.00000000000000
2033.91544804984005 1091.89616668503731 2.64575615440672 1.00000000000000
2034.04299326264299 1091.82272008992732 2.64480933308656 1.00000000000000
2034.16987149976194 1091.74973841151223 2.64465148008159 1.00000000000000
2034.29642966348911 1091.67699006432667 2.64371594470205 1.00000000000000
2034.42214278451866 1091.60472115082666 2.64268120726323 1.00000000000000
2034.54765871242853 1091.53246680554003 2.64223015783344 1.00000000000000
2034.67316058272263 1091.46031972765923 2.64158207324781 1.00000000000000
2034.79854924709070 1091.38821051921695 2.64059902765777 1.00000000000000
2034.92381507542450 1091.31575995450839 2.63975272944777 1.00000000000000
2035.04995637090178 1091.24317681882530 2.63956401084561 1.00000000000000
2035.17607246938860 1091.17030729213730 2.63924228308169 1.00000000000000
2035.30303456436377 1091.09728260757402 2.63859056886733 1.00000000000000
2035.43004186719190 1091.02431853860617 2.63812464353197 1.00000000000000
2035.55743967561284 1090.95032444642857 2.63756939301905 1.00000000000000
2035.68472186173312 1090.87592180259526 2.63678371951954 1.00000000000000
2035.81294167519081 1090.80119420122355 2.63627074860711 1.00000000000000
2035.94097091705771 1090.72631587134674 2.63545371443728 1.00000000000000
2036.06989740638528 1090.65091181453317 2.63468014319465 1.00000000000000
2036.19870566570899 1090.57537221815437 2.63403328733489 1.00000000000000
2036.32830984564498 1090.49905893253163 2.63324705882033 1.00000000000000
2036.45768137375126 1090.42269446421415 2.63274146113256 1.00000000000000
2036.58782868715934 1090.34621840389445 2.63217000300214 1.00000000000000
2036.71825023356359 1090.26966694230214 2.63180907910508 1.00000000000000
2036.84916620620061 1090.19239750457928 2.63160235010033 1.00000000000000
2036.97980057995301 1090.11520336521789 2.63062447033856 1.00000000000000
2037.11059987626504 1090.03801593789831 2.62960322842850 1.00000000000000
2037.24113385437522 1089.96032880339772 2.62913507028914 1.00000000000000
2037.37216318561696 1089.88386732526124 2.62879095787420 1.00000000000000
2037.50307663361309 1089.80703101493418 2.62788502841364 1.00000000000000
2037.63377422338817 1089.72983121918514 2.62749345953154 1.00000000000000
2037.76509251655079 1089.65251485770568 2.62729716779781 1.00000000000000
2037.89636383904144 1089.57461767736822 2.62694010537695 1.00000000000000
2038.02729214448482 1089.49688248243183 2.62682583001734 1.00000000000000
2038.15850186103489 1089.41928823431954 2.62631810780618 1.00000000000000
2038.28976372012403 1089.34188162023202 2.62570618187233 1.00000000000000
2038.42094684054609 1089.26411875104532 2.62546146931744 1.00000000000000
2038.55181357206311 1089.18622503429651 2.62490417000116 1.00000000000000
2038.68213652807754 1089.10866982582957 2.62482476554877 1.00000000000000
2038.81208897219039 1089.03096623718739 2.62420885295271 1.00000000000000
2038.94194350310136 1088.95348153915256 2.62370072000940 1.00000000000000
2039.07171819591895 1088.87576776137576 2.62303545894433 1.00000000000000
2039.20131151704118 1088.79747547581792 2.62273160208248 1.00000000000000
2039.33100160781760 1088.71974141150713 2.62297704610465 1.00000000000000
2039.46063268801663 1088.64211333636194 2.62197647956491 1.00000000000000
2039.59031048172619 1088.56464725267142 2.62181932718945 1.00000000000000
2039.72005500714295 1088.48720850376412 2.62186717646937 1.00000000000000
2039.84937969071325 1088.40921561559662 2.62096019167222 1.00000000000000
2039.97779201320373 1088.33148980280384 2.62013282177644 1.00000000000000
2040.10597081610467 1088.25367271341383 2.61932973927078 1.00000000000000
2040.23441177996574 1088.17621642630547 2.61886694387045 1.00000000000000
2040.36216860450804 1088.09941854793578 2.61898791741762 1.00000000000000
2040.48964497976704 1088.02232373412699 2.61834274431234 1.00000000000000
2040.61708242807072 1087.94534239312634 2.61796819930429 1.00000000000000
2040.74413829541299 1087.86784864868969 2.61723351546297 1.00000000000000
2040.87042789021507 1087.79107449157164 2.61637598841176 1.00000000000000
2040.99681645142846 1087.71473931334913 2.61618866614686 1.00000000000000
2041.12313869118225 1087.63805956393480 2.61556091645269 1.00000000000000
2041.24931459705113 1087.56084082927555 2.61467572841749 1.00000000000000
2041.37592443323229 1087.48421194171533 2.61401353132823 1.00000000000000
2041.50231263553724 1087.40742495562881 2.61336189786526 1.00000000000000
2041.62851568835322 1087.33032127609476 2.61272502315873 1.00000000000000
2041.75496126705548 1087.25330469151959 2.61232114060844 1.00000000000000
2041.88101179426303 1087.17599139921367 2.61181914859789 1.00000000000000
2042.00776604504790 1087.09807399334386 2.61126789285810 1.00000000000000
2042.13437246298417 1087.02020748192444 2.61121628942355 1.00000000000000
2042.26125305995811 1086.94226154405624 2.61078707753063 1.00000000000000
2042.38947376655415 1086.86441512824968 2.61036773808012 1.00000000000000
2042.51702695805579 1086.78585957409814 2.60993226331067 1.00000000000000
2042.64473981515039 1086.70695736026391 2.60944500066003 1.00000000000000
2042.77274027327076 1086.62710437923670 2.60853118066510 1.00000000000000
2042.90078125894070 1086.54740605829284 2.60800229080652 1.00000000000000
2043.02878280286677 1086.46740420022979 2.60737562225413 1.00000000000000
2043.15851697965991 1086.38655192404985 2.60697646420229 1.00000000000000
2043.28826377139194 1086.30553647829220 2.60692118820901 1.00000000000000
2043.41754643095192 1086.22465412458405 2.60611233471197 1.00000000000000
2043.54694151855074 1086.14333722041920 2.60535493758888 1.00000000000000
2043.67710114241345 1086.06141025200486 2.60492707461135 1.00000000000000
2043.80761694349349 1085.97986206738278 2.60408878691037 1.00000000000000
2043.93785638280679 1085.89780583232641 2.60281863237029 1.00000000000000
2044.06790517951595 1085.81577670620754 2.60242503734722 1.00000000000000
2044.19825723092072 1085.73400482162833 2.60156411362363 1.00000000000000
2044.32817411789438 1085.65190465701744 2.60044614825613 1.00000000000000
2044.45884241303429 1085.56906470842659 2.59996679332617 1.00000000000000
2044.58933967456687 1085.48627456137910 2.59967623731178 1.00000000000000
2044.71972440159880 1085.40312176989391 2.59884213623127 1.00000000000000
2044.84933737711981 1085.32111231982708 2.59867549192638 1.00000000000000
2044.97904950636439 1085.23890912206843 2.59761496071441 1.00000000000000
2045.10880147607531 1085.15691125020385 2.59675169531381 1.00000000000000
2045.23853410338052 1085.07473183795810 2.59629647941096 1.00000000000000
2045.36795998708112 1084.99227616470307 2.59571346729924 1.00000000000000
2045.49730676109903 1084.90927662840113 2.59481893573220 1.00000000000000
2045.62731144099962 1084.82608730997890 2.59434701806466 1.00000000000000
2045.75748283159919 1084.74261495610699 2.59401979661281 1.00000000000000
2045.88741845719051 1084.65937638841569 2.59372225955700 1.00000000000000
2046.01768271042965 1084.57573326770216 2.59293025631386 1.00000000000000
2046.14798826107290 1084.49251684499905 2.59234301871687 1.00000000000000
2046.27834268962033 1084.40936635388061 2.59209359115509 1.00000000000000
2046.40937554457923 1084.32547864690423 2.59198219297357 1.00000000000000
2046.54039599304087 1084.24168061977252 2.59101603801352 1.00000000000000
2046.67110611870885 1084.15684069227427 2.59004855278730 1.00000000000000
2046.80180734914029 1084.07201940845698 2.58912393524460 1.00000000000000
2046.93329467065632 1083.98678116360679 2.58832756250854 1.00000000000000
2047.06499376753345 1083.90178551292047 2.58799370507170 1.00000000000000
2047.19727270177100 1083.81580345332623 2.58745811259228 1.00000000000000
2047.33021655713674 1083.72933120792732 2.58658854209060 1.00000000000000
2047.46341679850593 1083.64304979378358 2.58619248944698 1.00000000000000
2047.59738345100777 1083.55625619925559 2.58556544219597 1.00000000000000
2047.73146919487044 1083.46941192075610 2.58469182334985 1.00000000000000
2047.86621819878928 1083.38190808100626 2.58421016789208 1.00000000000000
2048.00072393543087 1083.29414205532521 2.58350155218119 1.00000000000000
2048.13605022302363 1083.20622782409191 2.58286355204240 1.00000000000000
2048.27251156501006 1083.11800545500591 2.58250401676063 1.00000000000000
2048.40838135860395 1083.02936762711033 2.58201231002639 1.00000000000000
2048.54504406999331 1082.93989268131554 2.58138873655499 1.00000000000000
2048.68155249924166 1082.84993316978216 2.58076277377036 1.00000000000000
2048.81805535871536 1082.76044070208445 2.58019779170799 1.00000000000000
2048.95439051941503 1082.67058388423175 2.57956386251737 1.00000000000000
2049.09075278125238 1082.58067953726277 2.57875221719895 1.00000000000000
2049.22815362527035 1082.49036167655140 2.57790501890152 1.00000000000000
2049.36528482160065 1082.39980065543205 2.57714261388529 1.00000000000000
2049.50281313643791 1082.30814166134223 2.57643514950326 1.00000000000000
2049.64058918738738 1082.21667042700574 2.57588364623476 1.00000000000000
2049.77810204267735 1082.12514641368762 2.57569067993164 1.00000000000000
2049.91557513701264 1082.03337874636054 2.57494964430580 1.00000000000000
2050.05394682730548 1081.94102142611519 2.57412557987281 1.00000000000000
2050.19262132531730 1081.84930350352079 2.57404358757164 1.00000000000000
2050.33106816874351 1081.75716813514009 2.57338965313662 1.00000000000000
2050.46939928067150 1081.66500060725957 2.57240114922265 1.00000000000000
2050.60797356831608 1081.57290685968474 2.57168523375801 1.00000000000000
2050.74719696922693 1081.48015379766002 2.57107250491338 1.00000000000000
2050.88646152033471 1081.38573082396761 2.57015455902511 1.00000000000000
2051.02538228599587 1081.29110214440152 2.56909416021645 1.00000000000000
2051.16388583485968 1081.19624206935987 2.56862956554279 1.00000000000000
2051.30272582574980 1081.10168241057545 2.56803088560194 1.00000000000000
2051.44100704509765 1081.00751539226621 2.56656094073041 1.00000000000000
2051.57930132560432 1080.91376949939877 2.56561940398094 1.00000000000000
2051.71772769687232 1080.82018463918939 2.56539580652600 1.00000000000000
2051.85666903387755 1080.72559428494424 2.56449916186273 1.00000000000000
2051.99595335999038 1080.63121834537014 2.56365273479554 1.00000000000000
2052.13442958309315 1080.53769278433174 2.56476409106879 1.00000000000000
2052.27241797244642 1080.44364821026102 2.56430241953554 1.00000000000000
2052.41033301362768 1080.34885486913845 2.56251105429716 1.00000000000000
2052.54730234690942 1080.25500513007864 2.56266609739320 1.00000000000000
2052.68363084574230 1080.16075136326253 2.56180656517219 1.00000000000000
2052.82024992501829 1080.06649309117347 2.56037040941258 1.00000000000000
2052.95693032408599 1079.97239723848179 2.55932373214663 1.00000000000000
2053.09345887380186 1079.87826739810407 2.55891340692627 1.00000000000000
2053.22990340960678 1079.78391449851915 2.55754494523022 1.00000000000000
2053.36593551619444 1079.68891137931496 2.55634685951885 1.00000000000000
2053.50216007226845 1079.59444610960782 2.55567101259195 1.00000000000000
2053.63788808113895 1079.50075064832345 2.55561076107202 1.00000000000000
2053.77385371224955 1079.40742046991363 2.55562745747576 1.00000000000000
2053.90918969339691 1079.31382879521698 2.55469181540269 1.00000000000000
2054.04373034520540 1079.22038124362007 2.55402693574505 1.00000000000000
2054.17735187330982 1079.12757975840941 2.55379310143622 1.00000000000000
2054.31145464850124 1079.03358341474086 2.55273829882196 1.00000000000000
2054.44650588161312 1078.93912659166381 2.55143394009992 1.00000000000000
2054.58123712323140 1078.84416275983676 2.55087331455042 1.00000000000000
2054.71529383066809 1078.74989882437512 2.55000313455085 1.00000000000000
2054.84913340595085 1078.65527508407831 2.54909494912685 1.00000000000000
2054.98318288137671 1078.56084157293662 2.54893797694133 1.00000000000000
2055.11724350450095 1078.46617600740865 2.54793861737007 1.00000000000000
2055.25048939156113 1078.37121001165360 2.54655743319814 1.00000000000000
2055.38412884686841 1078.27629686938599 2.54616215103118 1.00000000000000
2055.51811928139068 1078.18152479687706 2.54539271029824 1.00000000000000
2055.65152379509527 1078.08654352510348 2.54458333166736 1.00000000000000
2055.78494993469212 1077.99138001259416 2.54395497273240 1.00000000000000
2055.91868624591734 1077.89660330163315 2.54372023527445 1.00000000000000
2056.05227122001816 1077.80136373499408 2.54317494428484 1.00000000000000
2056.18487935705343 1077.70663116732612 2.54281830255141 1.00000000000000
2056.31686352833640 1077.61273652734235 2.54307570049153 1.00000000000000
2056.44790289987577 1077.51903688115999 2.54293945205380 1.00000000000000
2056.57779063342605 1077.42604163521901 2.54188891406865 1.00000000000000
2056.70804445550311 1077.33280952088535 2.54064545492439 1.00000000000000
2056.83691651804838 1077.23991697793826 2.53954383570079 1.00000000000000
2056.96499088191194 1077.14725350355729 2.53890961548748 1.00000000000000
2057.09124551014975 1077.05599304707721 2.53825573028549 1.00000000000000
2057.21645359322429 1076.96498495526612 2.53716229566815 1.00000000000000
2057.33971026935615 1076.87493717530742 2.53650110683651 1.00000000000000
2057.46222772641340 1076.78546884469688 2.53556011102212 1.00000000000000
2057.58313376677688 1076.69745263550431 2.53450850147902 1.00000000000000
2057.70387684216257 1076.60955601977184 2.53382974837812 1.00000000000000
2057.82321165816393 1076.52330858679488 2.53338369722900 1.00000000000000
2057.94181547488552 1076.43761643813923 2.53266591193217 1.00000000000000
2058.05822884442750 1076.35270513594151 2.53185772322509 1.00000000000000
2058.17319763998967 1076.26934115821496 2.53181817088508 1.00000000000000
2058.28577643155586 1076.18772617867216 2.53120619266695 1.00000000000000
2058.39729073655326 1076.10646637342870 2.53046715025581 1.00000000000000
2058.50728673487902 1076.02639022329822 2.53006681849574 1.00000000000000
2058.61524912912864 1075.94711654679850 2.52951917261325 1.00000000000000
2058.72143513831543 1075.86887740530074 2.52963588717820 1.00000000000000
2058.82623737258837 1075.79232265753672 2.52944133982868 1.00000000000000
2058.92935740435496 1075.71704457094893 2.52893509705670 1.00000000000000
2059.03055033308920 1075.64275677176192 2.52892389536042 1.00000000000000
2059.12943453388289 1075.57005836721510 2.52821539009134 1.00000000000000
2059.22387453739066 1075.49994988786057 2.52742716014978 1.00000000000000
2059.31428926496301 1075.43268350744620 2.52648589411954 1.00000000000000
2059.40651212679222 1075.36409176886082 2.52641417415948 1.00000000000000
2059.49708166497294 1075.29654808761552 2.52663932088251 1.00000000000000
2059.58669849834405 1075.22997191036120 2.52496073345409 1.00000000000000
2059.67393636261113 1075.16492464346811 2.52366687133632 1.00000000000000
2059.75933023868129 1075.10104410676286 2.52472932788386 1.00000000000000
2059.84715771529591 1075.03539837943390 2.52474399085597 1.00000000000000
2059.93010560696712 1074.97357370611280 2.52314004210153 1.00000000000000
2060.01044753927272 1074.91350915655494 2.52362390780427 1.00000000000000
2060.12475826370064 1074.82729805447161 2.52348320674313 1.00000000000000
2060.23752701736521 1074.74336124025285 2.52280334252728 1.00000000000000
2060.34248241287423 1074.66308423364535 2.52189137128710 1.00000000000000
2060.44796478725038 1074.58411964681000 2.52113133397954 1.00000000000000
2060.54690634558210 1074.50819227937609 2.52036752428433 1.00000000000000
2060.64679746399634 1074.43287941720337 2.51941908792038 1.00000000000000
2060.74046644987538 1074.36077777389437 2.51843731417005 1.00000000000000
2060.83404946012888 1074.29061733558774 2.51888531659109 1.00000000000000
2060.92377497523557 1074.22127366904169 2.51819793246234 1.00000000000000
2061.01526869059308 1074.15181346237659 2.51767804280365 1.00000000000000
2061.09976565244142 1074.08593555260450 2.51650183592464 1.00000000000000
2061.20459423877764 1074.00577720347792 2.51669131372767 1.00000000000000
2061.28457045624964 1073.94520002976060 2.51677706285500 1.00000000000000
2061.38389615458436 1073.86791214114055 2.51593595805724 1.00000000000000
2061.47628356108908 1073.79619690636173 2.51572024657334 1.00000000000000
2061.55969252501382 1073.73126472625881 2.51540430534020 1.00000000000000
2061.63877952215262 1073.66845361422747 2.51464003978610 1.00000000000000
