-165.29320403339807 1303.45709414919838 -0.15909454212927 -1.00000000000000
-165.39725778962020 1303.47755510685965 -0.15665919912249 -1.00000000000000
-165.50368604884716 1303.49684796016663 -0.15507759246265 -1.00000000000000
-165.60357654013205 1303.51449400605634 -0.15399223866858 -1.00000000000000
-165.71310504863504 1303.53352542174980 -0.15356932325779 -1.00000000000000
-165.82932819915004 1303.55340372771025 -0.15273258161505 -1.00000000000000
-165.95114110980649 1303.57395616220310 -0.15215163617799 -1.00000000000000
-166.07685898046475 1303.59477815916762 -0.15108260890633 -1.00000000000000
-166.20586448791437 1303.61584112048149 -0.15025650900949 -1.00000000000000
-166.30596998863621 1303.63193188328296 -0.14917922910218 -1.00000000000000
-166.40494839858729 1303.64780153753236 -0.14831059578048 -1.00000000000000
-166.50772378128022 1303.66381399333477 -0.14756137734185 -1.00000000000000
-166.61100902780890 1303.68011671118438 -0.14621205451102 -1.00000000000000
-166.71946533280425 1303.69644124479964 -0.14533365630841 -1.00000000000000
-166.82738368725404 1303.71307661477476 -0.14429152692664 -1.00000000000000
-166.93959469936090 1303.72939312178642 -0.14306636999744 -1.00000000000000
-167.05048128229100 1303.74602455599234 -0.14186137397966 -1.00000000000000
-167.16622367146192 1303.76207604957744 -0.14031146694508 -1.00000000000000
-167.28158818883821 1303.77887250157073 -0.13932618147871 -1.00000000000000
-167.40174540109001 1303.79502327460796 -0.13773813586361 -1.00000000000000
-167.52123806247255 1303.81204660842195 -0.13694027691826 -1.00000000000000
-167.64488934935071 1303.82843708340079 -0.13550645522582 -1.00000000000000
-167.76880011020694 1303.84580063633621 -0.13413540301228 -1.00000000000000
-167.89605789980851 1303.86239645862952 -0.13326085345480 -1.00000000000000
-168.02310352958739 1303.87981943506747 -0.13164441755069 -1.00000000000000
-168.15458348102402 1303.89674915140495 -0.13062263149971 -1.00000000000000
-168.28595216060057 1303.91502014594153 -0.12949982038139 -1.00000000000000
-168.42155956232455 1303.93304881174117 -0.12902924219403 -1.00000000000000
-168.55605334066786 1303.95147810736671 -0.12821579355120 -1.00000000000000
-168.69516685523558 1303.96957674110308 -0.12696480874228 -1.00000000000000
-168.83400346321287 1303.98846295382828 -0.12696883052862 -1.00000000000000
-168.97598099184688 1304.00732982158661 -0.12613023229610 -1.00000000000000
-169.11626515188254 1304.02638580976054 -0.12567687538762 -1.00000000000000
-169.25950274069328 1304.04533573286608 -0.12533967311324 -1.00000000000000
-169.40087412286084 1304.06448215804994 -0.12465302002484 -1.00000000000000
-169.54387011134531 1304.08360075252131 -0.12432051470599 -1.00000000000000
-169.68634372693487 1304.10311552742496 -0.12324096617824 -1.00000000000000
-169.83042040618602 1304.12264463538304 -0.12346716352635 -1.00000000000000
-169.97300298884511 1304.14210787462071 -0.12273311437153 -1.00000000000000
-170.11675522953738 1304.16204443061724 -0.12290854763072 -1.00000000000000
-170.25915686320513 1304.18166616000235 -0.12251117417595 -1.00000000000000
-170.40254404081497 1304.20157019887120 -0.12240544867273 -1.00000000000000
-170.54477645596489 1304.22126145055518 -0.12268308822763 -1.00000000000000
-170.68788009881973 1304.24207456503063 -0.12269333958026 -1.00000000000000
-170.82884218858089 1304.26176561927423 -0.12278565334197 -1.00000000000000
-170.97029278054833 1304.28233756590635 -0.12283201837073 -1.00000000000000
-171.11201603710651 1304.30246325861663 -0.12266289235699 -1.00000000000000
-171.25453915010439 1304.32346929050982 -0.12287989193613 -1.00000000000000
-171.39639790903311 1304.34371411101893 -0.12267734491733 -1.00000000000000
-171.53795001917752 1304.36489104526117 -0.12334652704345 -1.00000000000000
-171.67819855641574 1304.38499938091263 -0.12322625764150 -1.00000000000000
-171.81883039668901 1304.40583285083994 -0.12388445283193 -1.00000000000000
-171.95904705452267 1304.42581110354513 -0.12362134372152 -1.00000000000000
-172.09879345237277 1304.44679613504559 -0.12434523372663 -1.00000000000000
-172.23744477331638 1304.46674170019105 -0.12447517125975 -1.00000000000000
-172.37631408247398 1304.48815167788416 -0.12522646516129 -1.00000000000000
-172.51462939125486 1304.50837982678786 -0.12519970879881 -1.00000000000000
-172.65198633878026 1304.52990202372894 -0.12580119485236 -1.00000000000000
-172.78890136070549 1304.55037777218968 -0.12605112009313 -1.00000000000000
-172.92516738304403 1304.57202763622627 -0.12657636675291 -1.00000000000000
-173.05902445293032 1304.59203143278137 -0.12678044899448 -1.00000000000000
-173.19043585739564 1304.61339771095663 -0.12721728497550 -1.00000000000000
-173.32095921901055 1304.63311930652708 -0.12734727479792 -1.00000000000000
-173.44851717597339 1304.65371940238401 -0.12842794655312 -1.00000000000000
-173.57440822897479 1304.67290275264531 -0.12868636629176 -1.00000000000000
-173.69801469106460 1304.69318363210186 -0.12940150245820 -1.00000000000000
-173.81952752842335 1304.71222678665072 -0.12988461622924 -1.00000000000000
-173.93838366115233 1304.73224502615631 -0.13069435932701 -1.00000000000000
-174.05539187998511 1304.75053256191313 -0.13082140058079 -1.00000000000000
-174.16964525793446 1304.76993320835754 -0.13141478687132 -1.00000000000000
-174.28203599562403 1304.78773879259825 -0.13176027896489 -1.00000000000000
-174.39162044599652 1304.80642318539321 -0.13232930253769 -1.00000000000000
-174.49962921568658 1304.82326730107889 -0.13198244147401 -1.00000000000000
-174.60375200648559 1304.84061481105164 -0.13237639947448 -1.00000000000000
-174.70589660404949 1304.85656652599573 -0.13238645947756 -1.00000000000000
-174.80621704523219 1304.87329975515604 -0.13263822094716 -1.00000000000000
-174.90629950776929 1304.88888884661719 -0.13270050452414 -1.00000000000000
-175.03751453128643 1304.91002912120894 -0.13256633589893 -1.00000000000000
-175.16877442621626 1304.93153872108087 -0.13330936487563 -1.00000000000000
-175.26764624263160 1304.94821387855336 -0.13389517117897 -1.00000000000000
-175.36818215658423 1304.96400307631120 -0.13395036813581 -1.00000000000000
-175.46944429026917 1304.98098981613293 -0.13461510648806 -1.00000000000000
-175.57240739604458 1304.99738441174850 -0.13460174243789 -1.00000000000000
-175.67592164385132 1305.01509565906599 -0.13529502209135 -1.00000000000000
-175.78199853061233 1305.03211421938613 -0.13519002471534 -1.00000000000000
-175.88850695895962 1305.05029934691265 -0.13546480486821 -1.00000000000000
-175.99776808515890 1305.06789393350482 -0.13553282694317 -1.00000000000000
-176.10815485741477 1305.08673043036833 -0.13620980112531 -1.00000000000000
-176.21911888360046 1305.10466379253194 -0.13630756791597 -1.00000000000000
-176.33170293096919 1305.12383425142616 -0.13696797882071 -1.00000000000000
-176.44678028230555 1305.14235731959343 -0.13721217812151 -1.00000000000000
-176.56242001545615 1305.16228146292269 -0.13840975252250 -1.00000000000000
-176.67941553925630 1305.18160557188094 -0.13871251693676 -1.00000000000000
-176.79812165827025 1305.20232854876667 -0.13974532694180 -1.00000000000000
-176.91807121608872 1305.22210772288963 -0.14012023187286 -1.00000000000000
-177.03897189069539 1305.24331917054951 -0.14089502222058 -1.00000000000000
-177.16152434400283 1305.26360227586702 -0.14080161678706 -1.00000000000000
-177.28462916333228 1305.28557666717097 -0.14169195654665 -1.00000000000000
-177.41008337592939 1305.30654654977843 -0.14139641017136 -1.00000000000000
-177.53614905691938 1305.32892789738253 -0.14274216093069 -1.00000000000000
-177.66339329985203 1305.35020519793034 -0.14236224372885 -1.00000000000000
-177.79177285049809 1305.37311026593670 -0.14371776480573 -1.00000000000000
-177.92321789939888 1305.39519698591903 -0.14350319332348 -1.00000000000000
-178.05527837632690 1305.41893535712734 -0.14465666217133 -1.00000000000000
-178.18867406673962 1305.44156110705808 -0.14513922749346 -1.00000000000000
-178.32300042675342 1305.46590472059324 -0.14609698741463 -1.00000000000000
-178.45731481898110 1305.48905887547880 -0.14670095362200 -1.00000000000000
-178.59008090151474 1305.51313001057133 -0.14723739221310 -1.00000000000000
-178.72294411319308 1305.53613779973239 -0.14736985000364 -1.00000000000000
-178.85331691661850 1305.56035683536902 -0.14861563208475 -1.00000000000000
-178.98187324299943 1305.58294691611081 -0.14808014542578 -1.00000000000000
-179.10766037600115 1305.60647258628160 -0.14947866718097 -1.00000000000000
-179.23136433714535 1305.62810102803633 -0.14918913448078 -1.00000000000000
-179.35164393798914 1305.65078697865829 -0.15071657630453 -1.00000000000000
-179.46983200899558 1305.67162755737081 -0.15043656458356 -1.00000000000000
-179.58491092210170 1305.69299585232511 -0.15109181636493 -1.00000000000000
-179.69704531086609 1305.71287984680384 -0.15152699097076 -1.00000000000000
-179.80448299372802 1305.73295299476013 -0.15197472144334 -1.00000000000000
-179.90990190475713 1305.75185330724344 -0.15262566596031 -1.00000000000000
-180.01103701011743 1305.77144163195044 -0.15306876029102 -1.00000000000000
-180.14056106127100 1305.79562503099442 -0.15363750668803 -1.00000000000000
-180.26371054293122 1305.81853539962322 -0.15335596300602 -1.00000000000000
-180.37908830482047 1305.84018546994776 -0.15490916810192 -1.00000000000000
-180.48716162837809 1305.86073202826083 -0.15468410473156 -1.00000000000000
-180.58932988200104 1305.87984203035012 -0.15512564134151 -1.00000000000000
-180.70914453087607 1305.90196175687015 -0.15515623977689 -1.00000000000000
-180.81829015968833 1305.92278447793797 -0.15494407152288 -1.00000000000000
-180.91833829146344 1305.94114334974438 -0.15454811448305 -1.00000000000000
-181.02520353527507 1305.96115464111790 -0.15431793961830 -1.00000000000000
-181.13254788389895 1305.98171883868054 -0.15471683522249 -1.00000000000000
-181.23283207108034 1306.00070763519034 -0.15425611016163 -1.00000000000000
-181.33735433220863 1306.02125476580113 -0.15451919931977 -1.00000000000000
-181.44314892205875 1306.04087976273149 -0.15463490626791 -1.00000000000000
-181.56081071868539 1306.06259469175711 -0.15474670477218 -1.00000000000000
-181.67577745392919 1306.08386855293065 -0.15496055892895 -1.00000000000000
-181.77742852852680 1306.10263735800982 -0.15568335233807 -1.00000000000000
-181.88793159008492 1306.12319690687582 -0.15564695099118 -1.00000000000000
-182.00932424562052 1306.14559382805601 -0.15617169850064 -1.00000000000000
-182.13709210848901 1306.16910831630230 -0.15646775736853 -1.00000000000000
-182.23657482070848 1306.18717582058161 -0.15695556883307 -1.00000000000000
-182.34141840517987 1306.20702560478821 -0.15756653485375 -1.00000000000000
-182.44577727594879 1306.22598656592891 -0.15819771036930 -1.00000000000000
-182.55406832415611 1306.24674595892429 -0.15903068282699 -1.00000000000000
-182.66126202931628 1306.26650591241196 -0.15957875583406 -1.00000000000000
-182.77153931773501 1306.28759610606357 -0.15984547333719 -1.00000000000000
-182.87975510640536 1306.30776520492509 -0.16101774788581 -1.00000000000000
-182.98949913441902 1306.32975200004876 -0.16199756688775 -1.00000000000000
-183.09751385677373 1306.35019713034853 -0.16214667253631 -1.00000000000000
-183.20709951524623 1306.37215234339237 -0.16370116390235 -1.00000000000000
-183.31629562086891 1306.39280344592407 -0.16314172906945 -1.00000000000000
-183.42723456304520 1306.41512190084904 -0.16429399085834 -1.00000000000000
-183.53654269478284 1306.43577063828707 -0.16387195072563 -1.00000000000000
-183.64737174368929 1306.45788825443015 -0.16494380495002 -1.00000000000000
-183.75657110055909 1306.47901972476393 -0.16490894186556 -1.00000000000000
-183.86721191077959 1306.50162290921435 -0.16619660629607 -1.00000000000000
-183.97742288344307 1306.52275318233296 -0.16647913675998 -1.00000000000000
-184.08793387399055 1306.54548581410199 -0.16742030704864 -1.00000000000000
-184.19825268024579 1306.56690323678777 -0.16800266272566 -1.00000000000000
-184.31010629166849 1306.58999095391482 -0.16888756116315 -1.00000000000000
-184.42063647008035 1306.61130352271721 -0.16832111149505 -1.00000000000000
-184.53235238324851 1306.63404326559976 -0.16960652180843 -1.00000000000000
-184.64395249006338 1306.65576548827812 -0.16886990048609 -1.00000000000000
-184.75698143040063 1306.67870229668915 -0.17035109486811 -1.00000000000000
-184.86876005900558 1306.70052663190290 -0.16992424601541 -1.00000000000000
-184.98239981336519 1306.72341090580449 -0.17043458111429 -1.00000000000000
-185.09435437479988 1306.74543177103624 -0.17041749786807 -1.00000000000000
-185.20705076481681 1306.76837007235736 -0.17093170820861 -1.00000000000000
-185.31989169953158 1306.79045754903927 -0.17135129259992 -1.00000000000000
-185.43386314105010 1306.81423714896664 -0.17181210578954 -1.00000000000000
-185.54690729011782 1306.83655340550467 -0.17190282545224 -1.00000000000000
-185.66073721746216 1306.86005177628249 -0.17295168228967 -1.00000000000000
-185.77366722060833 1306.88252328569070 -0.17377646575257 -1.00000000000000
-185.88815937697655 1306.90668016718701 -0.17350655417994 -1.00000000000000
-186.00374904938508 1306.92969954526052 -0.17381978245368 -1.00000000000000
-186.12030954309739 1306.95405045384541 -0.17427082630828 -1.00000000000000
-186.23600556032034 1306.97729681013152 -0.17529979950087 -1.00000000000000
-186.35307530313730 1307.00259966216981 -0.17490238911834 -1.00000000000000
-186.47026390081737 1307.02618323126808 -0.17567560039023 -1.00000000000000
-186.58886682940647 1307.05115711502731 -0.17557739650889 -1.00000000000000
-186.70869627036154 1307.07544033322483 -0.17584615958681 -1.00000000000000
-186.83025323355105 1307.10093767195940 -0.17637329104101 -1.00000000000000
-186.95180761336815 1307.12543061515316 -0.17654067157054 -1.00000000000000
-187.07391841360368 1307.15170834120363 -0.17812560186666 -1.00000000000000
-187.19541746348841 1307.17659241333604 -0.17757013334348 -1.00000000000000
-187.31758218893083 1307.20281218690798 -0.17986449330483 -1.00000000000000
-187.44044097710866 1307.22825233172625 -0.17943760596872 -1.00000000000000
-187.56536878098268 1307.25546572357416 -0.18112633983658 -1.00000000000000
-187.68971337855328 1307.28098773071542 -0.18018169398450 -1.00000000000000
-187.81452507921495 1307.30812671361491 -0.18211054745438 -1.00000000000000
-187.93984283239115 1307.33471338311210 -0.18143882650664 -1.00000000000000
-188.06586965499446 1307.36280303867534 -0.18326360985063 -1.00000000000000
-188.19269564410206 1307.38917559105903 -0.18282039071069 -1.00000000000000
-188.32006617740262 1307.41722695296630 -0.18379941574652 -1.00000000000000
-188.44701551145408 1307.44395595509559 -0.18428753863110 -1.00000000000000
-188.57442781288410 1307.47182130254805 -0.18454227071396 -1.00000000000000
-188.70129996590549 1307.49873691238463 -0.18641604310363 -1.00000000000000
-188.82770172471646 1307.52705091983080 -0.18639328596052 -1.00000000000000
-188.95305602403823 1307.55377532355487 -0.18773722551121 -1.00000000000000
-189.07877363858279 1307.58169448375702 -0.18747316018151 -1.00000000000000
-189.20387623028364 1307.60832371376455 -0.18824777854192 -1.00000000000000
-189.32715396780986 1307.63619545195252 -0.18879082497331 -1.00000000000000
-189.44786489405669 1307.66259526135400 -0.18912092457605 -1.00000000000000
-189.56566674500937 1307.68962779082358 -0.19004132164572 -1.00000000000000
-189.68043914600275 1307.71456543402746 -0.18975092953107 -1.00000000000000
-189.79296916746534 1307.74001341918483 -0.19054041948735 -1.00000000000000
-189.90325088758254 1307.76388565264642 -0.19044369185190 -1.00000000000000
-190.01050420844695 1307.78824211005121 -0.19137550581901 -1.00000000000000
-190.11487956892233 1307.81081042625010 -0.19055540951904 -1.00000000000000
-190.21679813315859 1307.83409693604335 -0.19141658200355 -1.00000000000000
-190.31633920967579 1307.85595826758072 -0.19227755751321 -1.00000000000000
-190.44496491574682 1307.88530156342313 -0.19269474052056 -1.00000000000000
-190.57182510790881 1307.91401146957651 -0.19306386148985 -1.00000000000000
-190.69857029372361 1307.94281893456355 -0.19366006546554 -1.00000000000000
-190.82551758474438 1307.97181155020371 -0.19366272791866 -1.00000000000000
-190.95451035979204 1308.00084486464038 -0.19422795811001 -1.00000000000000
-191.05230145907262 1308.02370609715581 -0.19448068485178 -1.00000000000000
-191.15185071784072 1308.04570093657821 -0.19473537542550 -1.00000000000000
-191.25262618169654 1308.06931979442015 -0.19518012707234 -1.00000000000000
-191.35389343462884 1308.09183314768597 -0.19549281199977 -1.00000000000000
-191.45616111136042 1308.11548588750884 -0.19521397245622 -1.00000000000000
-191.56010516465176 1308.13861816981807 -0.19597081515971 -1.00000000000000
-191.66522474703379 1308.16331011289731 -0.19652808648591 -1.00000000000000
-191.77092423231807 1308.18679795740172 -0.19568411191289 -1.00000000000000
-191.87839950132184 1308.21161595406011 -0.19551735007083 -1.00000000000000
-191.98807046073489 1308.23577582184225 -0.19338156892799 -1.00000000000000
-192.09851084963884 1308.26133398339152 -0.19196821777972 -1.00000000000000
-192.21019100409467 1308.28587821451947 -0.18859132540503 -1.00000000000000
-192.32290669856593 1308.31170866591856 -0.18492687514852 -1.00000000000000
-192.43714328814531 1308.33622156502679 -0.17943285578087 -1.00000000000000
-192.55194740602747 1308.36253977054730 -0.17419760373372 -1.00000000000000
-192.66805996035691 1308.38633768353611 -0.16697844426309 -1.00000000000000
-192.78356232808437 1308.41226013796404 -0.15954052000673 -1.00000000000000
-192.90082485094899 1308.43487484334037 -0.14970197925151 -1.00000000000000
-193.01644896750804 1308.45941811148077 -0.13854019423000 -1.00000000000000
-193.13414987036958 1308.48033652035519 -0.12716638721458 -1.00000000000000
-193.25039251230191 1308.50467107165605 -0.11642206634672 -1.00000000000000
-193.36692614312051 1308.52398229064420 -0.10420038815918 -1.00000000000000
-193.48237888398580 1308.54706417536363 -0.09332532609014 -1.00000000000000
-193.59910002537072 1308.56420958042145 -0.07978062950966 -1.00000000000000
-193.71370123303495 1308.58580997772515 -0.06847056893211 -1.00000000000000
-193.82777024735697 1308.60031777713448 -0.05407246769371 -1.00000000000000
-193.93932580156252 1308.61980798328295 -0.04181700209629 -1.00000000000000
-194.05165385961300 1308.63186327228323 -0.02665783699055 -1.00000000000000
-194.16231801314279 1308.64935154747218 -0.01384399251559 -1.00000000000000
-194.27367234457051 1308.65858755074441 0.00267873262499 -1.00000000000000
-194.38431596686132 1308.67339548747987 0.01705190372579 -1.00000000000000
-194.49812801193912 1308.67931611975655 0.03455305247821 -1.00000000000000
-194.61247379187262 1308.69134017685428 0.05007999960687 -1.00000000000000
-194.73094245215179 1308.69393802015111 0.06893895208442 -1.00000000000000
-194.85052175400779 1308.70263986568898 0.08511072866915 -1.00000000000000
-194.97429842851125 1308.70100354216993 0.10544326877083 -1.00000000000000
-195.09895635314751 1308.70596110122278 0.12191410649927 -1.00000000000000
-195.22709127387498 1308.69965516822413 0.14367829608299 -1.00000000000000
-195.35577604942955 1308.69994806451723 0.16273941883747 -1.00000000000000
-195.48678763024509 1308.68804588215426 0.18614123301416 -1.00000000000000
-195.61931142793037 1308.68267439585179 0.20635304792173 -1.00000000000000
-195.75337665854022 1308.66460305545479 0.23126218684868 -1.00000000000000
-195.88581598107703 1308.65375087875873 0.25120008150271 -1.00000000000000
-196.01847856043605 1308.62992089707404 0.27597338593124 -1.00000000000000
-196.14757608389482 1308.61384269781411 0.29552893376883 -1.00000000000000
-196.27351179305697 1308.58587646530941 0.31879179759424 -1.00000000000000
-196.39483157696668 1308.56613499624655 0.33791129405210 -1.00000000000000
-196.51208568981383 1308.53533525392413 0.35949540335831 -1.00000000000000
-196.62416247598594 1308.51332205673680 0.37756222563953 -1.00000000000000
-196.73024588264525 1308.48130232235417 0.39853196608296 -1.00000000000000
-196.83254546258831 1308.45813623396680 0.41621828066258 -1.00000000000000
-196.93139148550108 1308.42423569411039 0.43729030476023 -1.00000000000000
-197.02833766397089 1308.39757912606001 0.45631611171465 -1.00000000000000
-197.12494237616193 1308.35953087965026 0.47923339601333 -1.00000000000000
-197.22058581566671 1308.32722572656348 0.50081268673745 -1.00000000000000
-197.31759103841614 1308.28290944173932 0.52598499942447 -1.00000000000000
-197.41501178720500 1308.24388974392787 0.54883498382026 -1.00000000000000
-197.51333068357781 1308.19240348599851 0.57577439825301 -1.00000000000000
-197.61189495731378 1308.14561054809019 0.60179096118822 -1.00000000000000
-197.71092595567461 1308.08630145434290 0.63172709245473 -1.00000000000000
-197.81102041318081 1308.03084647655487 0.65926468745419 -1.00000000000000
-197.90970489161555 1307.96308145206422 0.69116764798015 -1.00000000000000
-198.00804866623366 1307.90000363532454 0.71877746926014 -1.00000000000000
-198.10432289261371 1307.82481750100851 0.75099257695537 -1.00000000000000
-198.19918648770545 1307.75479584420100 0.78170017406999 -1.00000000000000
-198.29214035603218 1307.67174093425274 0.81459404198070 -1.00000000000000
-198.38329222041648 1307.59495411580428 0.84405990390711 -1.00000000000000
-198.46983049204573 1307.50783395534381 0.87502128998831 -1.00000000000000
-198.55216525832657 1307.42945394711569 0.90243396868268 -1.00000000000000
-198.62935347773600 1307.34238186152652 0.93054258496286 -1.00000000000000
-198.70142603921704 1307.26686423830688 0.95520912936770 -1.00000000000000
-198.76673460693564 1307.18532009702176 0.98028739737941 -1.00000000000000
-198.84589072992094 1307.08692248491570 1.01050046166798 -1.00000000000000
-198.91509412479354 1306.99516963493079 1.03909991714301 -1.00000000000000
-198.97692576691043 1306.90815298538655 1.06405802337423 -1.00000000000000
-199.04337312513962 1306.81354251736775 1.09081502392351 -1.00000000000000
-199.09946730046067 1306.72030440159142 1.11685493989658 -1.00000000000000
-199.15901314374059 1306.61606147605926 1.14832083323869 -1.00000000000000
-199.21304012625478 1306.51019937824458 1.17962004626562 -1.00000000000000
-199.25550615094835 1306.41838331054896 1.20568159862133 -1.00000000000000
-199.29763894632924 1306.31382794026285 1.22904245065010 -1.00000000000000
-199.33591979637276 1306.21079589426517 1.24637213817977 -1.00000000000000
-199.37227704637917 1306.10343271354213 1.25495995198157 -1.00000000000000
-199.40248923347099 1306.00235024699941 1.26225358469262 -1.00000000000000
-199.43508273240877 1305.89086670754477 1.26767054877374 -1.00000000000000
-199.46228997083381 1305.79006604338065 1.27308003489817 -1.00000000000000
-199.49213119503111 1305.67366971867159 1.27915756428102 -1.00000000000000
-199.51355837145820 1305.57449094206095 1.28596344759113 -1.00000000000000
-199.54088661959395 1305.46764472313225 1.28938484344929 -1.00000000000000
-199.56263355340343 1305.35441107628867 1.29651511852578 -1.00000000000000
-199.59063514054287 1305.23682012874633 1.29927564377297 -1.00000000000000
-199.61095801333431 1305.11595351668075 1.30515559879371 -1.00000000000000
-199.63831689755898 1304.99347889842466 1.30518094494286 -1.00000000000000
-199.65653503732756 1304.86872486118227 1.30964600236749 -1.00000000000000
-199.68287168093957 1304.74231393821537 1.30862487248316 -1.00000000000000
-199.69993352377787 1304.61173411319032 1.31350978147463 -1.00000000000000
-199.72558087913785 1304.48215431673452 1.31506996532867 -1.00000000000000
-199.74020956899039 1304.35079030925408 1.32342608547973 -1.00000000000000
-199.76378153386759 1304.22191360546276 1.32747462125316 -1.00000000000000
-199.77644082007464 1304.09247657144442 1.33648802645459 -1.00000000000000
-199.79825769696617 1303.96635764697567 1.34017955669808 -1.00000000000000
-199.80959047446959 1303.83992247562855 1.34816177978158 -1.00000000000000
-199.82956168917008 1303.71708740992472 1.35182337109727 -1.00000000000000
-199.84014408075018 1303.59608182497323 1.35873541103213 -1.00000000000000
-199.85808738344349 1303.48117562057450 1.36180157441151 -1.00000000000000
-199.86634203186259 1303.37290261872113 1.36790590436505 -1.00000000000000
-199.88338486431167 1303.26362376008183 1.37046928698273 -1.00000000000000
-199.89425435120938 1303.15770045295358 1.37521643473401 -1.00000000000000
-199.90979949268512 1303.03199444524944 1.37986760491571 -1.00000000000000
-199.92316797026433 1302.92204711586237 1.38438667117365 -1.00000000000000
-199.88417496194597 1303.01591897243634 1.39699222626267 1.00000000000000
-199.86138307029614 1303.11841086344793 1.40049350856926 1.00000000000000
-199.83965834992705 1303.21960986964405 1.40300619085843 1.00000000000000
-199.81539670191705 1303.33780274121091 1.40524333087919 1.00000000000000
-199.79476445430191 1303.43931939778849 1.40673622713362 1.00000000000000
-199.77445130213164 1303.54614617209882 1.40796299548980 1.00000000000000
-199.75070978456642 1303.66698458837345 1.40920031227627 1.00000000000000
-199.72726677299943 1303.79277690593153 1.41018318288543 1.00000000000000
-199.70028653147165 1303.93134834850207 1.41038746644509 1.00000000000000
-199.67375676322263 1304.07461271993816 1.41207620500713 1.00000000000000
-199.65475133701693 1304.17543991887942 1.41240268588663 1.00000000000000
-199.63507075572852 1304.27996229473501 1.41238364816948 1.00000000000000
-199.61470436584204 1304.38744735158980 1.41259909820845 1.00000000000000
-199.59360457514413 1304.49780196789652 1.41287189801962 1.00000000000000
-199.57219347066712 1304.61042109085247 1.41301342668185 1.00000000000000
-199.55048064549919 1304.72349982010201 1.41317089835865 1.00000000000000
-199.52845713880379 1304.83850635355338 1.41320823528334 1.00000000000000
-199.50585727638099 1304.95483832480386 1.41314831301664 1.00000000000000
-199.48314679530449 1305.07136507425457 1.41283085812347 1.00000000000000
-199.46044485329185 1305.18856158573180 1.41297067931641 1.00000000000000
-199.43765421165153 1305.30566135002300 1.41308207159466 1.00000000000000
-199.41463546059094 1305.42314413469285 1.41286898385529 1.00000000000000
-199.39168099942617 1305.54134085262194 1.41300132734593 1.00000000000000
-199.36869372613728 1305.65945353731513 1.41358308197475 1.00000000000000
-199.34599240025273 1305.77785770175979 1.41400873422395 1.00000000000000
-199.32363482005894 1305.89728334778920 1.41416945196404 1.00000000000000
-199.30115547310561 1306.01667472394183 1.41460190838047 1.00000000000000
-199.27879227034282 1306.13616421772167 1.41547346833699 1.00000000000000
-199.25645259721205 1306.25634248182178 1.41619041020354 1.00000000000000
-199.23452544095926 1306.37653598934412 1.41677234778442 1.00000000000000
-199.21286004636204 1306.49691931577399 1.41718413959791 1.00000000000000
-199.19114067370538 1306.61798445926979 1.41814276257150 1.00000000000000
-199.16960272513097 1306.73916773544624 1.41944639447371 1.00000000000000
-199.14821811637376 1306.86052491841838 1.42069106616298 1.00000000000000
-199.12711038591806 1306.98292226577178 1.42168189782766 1.00000000000000
-199.10618571442319 1307.10603214474395 1.42259405363837 1.00000000000000
-199.08567068906268 1307.22895191237330 1.42405226529955 1.00000000000000
-199.06524711754173 1307.35118724778295 1.42563653790376 1.00000000000000
-199.04482529684901 1307.47420854214579 1.42657120183840 1.00000000000000
-199.02453495410737 1307.59748287685215 1.42722503916610 1.00000000000000
-199.00401266838890 1307.72143181040883 1.42833940284091 1.00000000000000
-198.98370224679820 1307.84532371116802 1.42996197599244 1.00000000000000
-198.96405022364343 1307.96926707262173 1.43128735553195 1.00000000000000
-198.94444578880211 1308.09323261165991 1.43239911820101 1.00000000000000
-198.92518752324395 1308.21720935543999 1.43415937257008 1.00000000000000
-198.90605753951240 1308.34110258566216 1.43552049932696 1.00000000000000
-198.88691818411462 1308.46494900016114 1.43648076409450 1.00000000000000
-198.86819092242513 1308.58913111966103 1.43774073502246 1.00000000000000
-198.84972411073977 1308.71407575486228 1.43915537388586 1.00000000000000
-198.83080285147298 1308.83910604473203 1.44063364667206 1.00000000000000
-198.81184475624468 1308.96491169789806 1.44202264879853 1.00000000000000
-198.79308867664076 1309.09053956810385 1.44299875718663 1.00000000000000
-198.77478484332096 1309.21656335797161 1.44412080930435 1.00000000000000
-198.75651804142399 1309.34329471597448 1.44570000372766 1.00000000000000
-198.73841209639795 1309.46997719025239 1.44694954192984 1.00000000000000
-198.72055852762423 1309.59662612993270 1.44781942700210 1.00000000000000
-198.70272491755895 1309.72326794499531 1.44894003337872 1.00000000000000
-198.68510518420953 1309.84961438411847 1.45064116894845 1.00000000000000
-198.66787965066032 1309.97496708855033 1.45194160246662 1.00000000000000
-198.65134797059000 1310.09962774952874 1.45326630139702 1.00000000000000
-198.63489315786865 1310.22396171838045 1.45496932218956 1.00000000000000
-198.61838677967899 1310.34723917394876 1.45646154179226 1.00000000000000
-198.60217023658333 1310.46947589702904 1.45765824735470 1.00000000000000
-198.58654093218502 1310.59051276836544 1.45891923372642 1.00000000000000
-198.57119252195116 1310.71001313207671 1.45979599331413 1.00000000000000
-198.55573357432149 1310.82914862735197 1.46094868184273 1.00000000000000
-198.54070236789994 1310.94701435742900 1.46233810351688 1.00000000000000
-198.52590556320501 1311.06309885391966 1.46332914703632 1.00000000000000
-198.51121180201881 1311.17815220449120 1.46398567923569 1.00000000000000
-198.49659355788026 1311.29197866702452 1.46514203830099 1.00000000000000
-198.48240955302026 1311.40409333119169 1.46653872830523 1.00000000000000
-198.46859204809880 1311.51494582835585 1.46753737846097 1.00000000000000
-198.45489284675568 1311.62374170403928 1.46868298986582 1.00000000000000
-198.44144751818385 1311.73049565777183 1.46993609184478 1.00000000000000
-198.42824079305865 1311.83473704336211 1.47093879674662 1.00000000000000
-198.41606376355048 1311.93437271984294 1.47182787236182 1.00000000000000
-198.39856659155339 1312.07887123478577 1.47290766733747 1.00000000000000
-198.38197516842047 1312.22123131714761 1.47449746027360 1.00000000000000
-198.36562149599195 1312.35962320398539 1.47546672549266 1.00000000000000
-198.35071208886802 1312.49153955280781 1.47735319387968 1.00000000000000
-198.33587180281756 1312.62001668103039 1.47831439720575 1.00000000000000
-198.32232270052191 1312.74166412837803 1.47938259700948 1.00000000000000
-198.30877335206605 1312.85873244982213 1.48013667728760 1.00000000000000
-198.29673564247787 1312.96837728051469 1.48161968501974 1.00000000000000
-198.28416056372225 1313.07391989789903 1.48237532361126 1.00000000000000
-198.26883765077218 1313.20525475870818 1.48348481751044 1.00000000000000
-198.25443300139159 1313.32753556920215 1.48459841918075 1.00000000000000
-198.24133165995590 1313.44058498321101 1.48531974407075 1.00000000000000
-198.22877926286310 1313.54920925199986 1.48662623717834 1.00000000000000
-198.21677006210666 1313.65498751075938 1.48711757487796 1.00000000000000
-198.20364932285156 1313.77401882456616 1.48870149620360 1.00000000000000
-198.19050017831614 1313.88367155753076 1.48946470222045 1.00000000000000
-198.17784017196391 1313.99200865300372 1.49020605437361 1.00000000000000
-198.16638378577773 1314.09138808073476 1.49070006322484 1.00000000000000
-198.15515950793633 1314.19164540525526 1.49213639212530 1.00000000000000
