2030.61898799182381 1089.46940687438473 -1.23957097262733 1.00000000000000
2030.64881823171163 1089.35616826126352 -1.23359496167266 1.00000000000000
2030.68683398677967 1089.23947171866894 -1.21986179521110 1.00000000000000
2030.72101989638759 1089.14359228685498 -1.20563025893695 1.00000000000000
2030.76357431057841 1089.03394870506600 -1.18639259045963 1.00000000000000
2030.81538754026406 1088.91201995918527 -1.16114590012823 1.00000000000000
2030.85929559072247 1088.81458435906097 -1.13904911878523 1.00000000000000
2030.91311601991765 1088.70930148288608 -1.11131707745055 1.00000000000000
2030.97028167435201 1088.60137381823733 -1.08266841540349 1.00000000000000
2031.03992656694027 1088.48829482402653 -1.04901106483147 1.00000000000000
2031.11249556706753 1088.37319149309769 -1.01431997929235 1.00000000000000
2031.20115249545779 1088.25555294658989 -0.97370191502019 1.00000000000000
2031.26364822103642 1088.17650062311441 -0.94600510340674 1.00000000000000
2031.33043922123034 1088.09705662075430 -0.91651290958103 1.00000000000000
2031.40200292400550 1088.01755448337644 -0.88592875607747 1.00000000000000
2031.47888694860740 1087.93824060540646 -0.85435565270450 1.00000000000000
2031.56080857559573 1087.85962539352477 -0.82134221965167 1.00000000000000
2031.64769604348112 1087.78233652934432 -0.78729178773377 1.00000000000000
2031.73922607221175 1087.70682471944019 -0.75316518529871 1.00000000000000
2031.83524871896952 1087.63357505993918 -0.71856602288229 1.00000000000000
2031.93588400830049 1087.56305078230798 -0.68330246545305 1.00000000000000
2032.03977377846604 1087.49600895075127 -0.64805872509895 1.00000000000000
2032.14668043405982 1087.43259688280523 -0.61297919505497 1.00000000000000
2032.25657002395019 1087.37227211892605 -0.57771001287801 1.00000000000000
2032.36974286258919 1087.31604758882895 -0.54217277611264 1.00000000000000
2032.48455952829681 1087.26341423438862 -0.50720740252144 1.00000000000000
2032.60172834445257 1087.21489154594019 -0.47199802833609 1.00000000000000
2032.72017302771565 1087.17089797975495 -0.43671062410572 1.00000000000000
2032.83976910880301 1087.13088212488219 -0.40253727108922 1.00000000000000
2032.96070670051267 1087.09499287651852 -0.36917653076373 1.00000000000000
2033.08266640547663 1087.06296180328354 -0.33604128174253 1.00000000000000
2033.20467502530664 1087.03492885362357 -0.30430863685563 1.00000000000000
2033.32687166566029 1087.01085524726659 -0.27318228558970 1.00000000000000
2033.45076814998174 1086.99207566771656 -0.24077998977702 1.00000000000000
2033.57494427356869 1086.97717114444822 -0.20933666613447 1.00000000000000
2033.69903817033628 1086.96545143704861 -0.17873164463114 1.00000000000000
2033.82343659724575 1086.95749844657257 -0.14803624800517 1.00000000000000
2033.94751370814629 1086.95283114537597 -0.11864644310906 1.00000000000000
2034.07083187147509 1086.95155375031754 -0.08877007224913 1.00000000000000
2034.19310476887040 1086.95349762495607 -0.06000686625107 1.00000000000000
2034.31516134692356 1086.95853781793267 -0.03240837540489 1.00000000000000
2034.43708481738577 1086.96648016385734 -0.00481909406090 1.00000000000000
2034.55886368831852 1086.97710021445528 0.02105380457807 1.00000000000000
2034.68015933642164 1086.99071244057268 0.04495000591020 1.00000000000000
2034.80109324550722 1087.00650875549763 0.06680087085094 1.00000000000000
2034.92152982309926 1087.02448134962469 0.08657339785647 1.00000000000000
2035.04133107897360 1087.04430112242699 0.10486441744834 1.00000000000000
2035.16081373463385 1087.06550940964371 0.12090287744906 1.00000000000000
2035.28031094127800 1087.08797407289967 0.13486715512249 1.00000000000000
2035.39965623349417 1087.11080969357863 0.14632282118063 1.00000000000000
2035.51936192403082 1087.13459272356704 0.15672001701857 1.00000000000000
2035.63902445230633 1087.15881027234718 0.16622268580436 1.00000000000000
2035.75828395772260 1087.18272049259394 0.17282419331126 1.00000000000000
2035.87711066246266 1087.20455902302638 0.17773640857985 1.00000000000000
2035.99569520528894 1087.22588849626482 0.18016861333083 1.00000000000000
2036.11433314741589 1087.24685773486272 0.18047249773263 1.00000000000000
2036.23283455125056 1087.26727884821594 0.18119643330994 1.00000000000000
2036.35124870785512 1087.28682069201022 0.18058054622303 1.00000000000000
2036.46958375244867 1087.30468942737207 0.17638686195463 1.00000000000000
2036.58824638201622 1087.32153736893088 0.17247263137688 1.00000000000000
2036.70767488877755 1087.33720811689273 0.16692779333587 1.00000000000000
2036.82768540480174 1087.35112268198282 0.15945726420796 1.00000000000000
2036.94882116676308 1087.36377732455730 0.15090356217325 1.00000000000000
2037.07064626726788 1087.37401463044807 0.14042945127693 1.00000000000000
2037.19316476187669 1087.38260450772941 0.12805942979839 1.00000000000000
2037.31630439992296 1087.38905883906409 0.11497032725935 1.00000000000000
2037.43977909476962 1087.39253505179659 0.09981380205594 1.00000000000000
2037.56378887942992 1087.39347776724026 0.08315739781209 1.00000000000000
2037.68829896335956 1087.39156289678067 0.06410300878182 1.00000000000000
2037.81290480482858 1087.38655929965898 0.04341351047478 1.00000000000000
2037.93746502359863 1087.37843028595671 0.02131274989668 1.00000000000000
2038.06194524670718 1087.36690168641508 -0.00175814171234 1.00000000000000
2038.18618539534509 1087.35142597556114 -0.02736623329260 1.00000000000000
2038.31077263480984 1087.33211912447587 -0.05378613112782 1.00000000000000
2038.43522742483765 1087.30889871111140 -0.08008344371737 1.00000000000000
2038.55955881846603 1087.28173136245459 -0.10720704893433 1.00000000000000
2038.68364652898163 1087.25002605002373 -0.13661674734450 1.00000000000000
2038.80637204874074 1087.21442935802042 -0.16531002735096 1.00000000000000
2038.92713692202233 1087.17488903552294 -0.19626241434007 1.00000000000000
2039.04610932525247 1087.13136308267713 -0.22902586086086 1.00000000000000
2039.16366522380849 1087.08341381605715 -0.26176670346096 1.00000000000000
2039.27967503038235 1087.03138504642993 -0.29510122855131 1.00000000000000
2039.39402135100681 1086.97525164298713 -0.33022804119448 1.00000000000000
2039.50632963026874 1086.91471008816734 -0.36475193619439 1.00000000000000
2039.61670452367980 1086.85001339763403 -0.40021970737249 1.00000000000000
2039.72468467865838 1086.78125458443537 -0.43596408320788 1.00000000000000
2039.83029194851406 1086.70889188256115 -0.47025718928018 1.00000000000000
2039.93327269150177 1086.63250727113336 -0.50506220825890 1.00000000000000
2040.03315735817887 1086.55252685304731 -0.54040216726400 1.00000000000000
2040.12981973838760 1086.46906003961340 -0.57507783655661 1.00000000000000
2040.22327455878258 1086.38253703620285 -0.61023567170818 1.00000000000000
2040.31378190341638 1086.29280986031517 -0.64503830685431 1.00000000000000
2040.40153231774457 1086.19943546457216 -0.68024327665168 1.00000000000000
2040.48612407402834 1086.10338510386646 -0.71465689458307 1.00000000000000
2040.56742292502895 1086.00446399673820 -0.74990929834220 1.00000000000000
2040.64487247099169 1085.90290978224948 -0.78418652412087 1.00000000000000
2040.71864224702585 1085.79909200174734 -0.81773186867527 1.00000000000000
2040.78913908987306 1085.69285713601857 -0.85034746027621 1.00000000000000
2040.85622437129496 1085.58447452355176 -0.88244983219587 1.00000000000000
2040.91965980164241 1085.47460686136037 -0.91303383262236 1.00000000000000
2040.97945358557627 1085.36320461891592 -0.94351348575243 1.00000000000000
2041.03606217587367 1085.25028539914638 -0.97302192618391 1.00000000000000
2041.08962149021681 1085.13598549319431 -1.00108668480558 1.00000000000000
2041.14003420947120 1085.02044877782464 -1.02818457243551 1.00000000000000
2041.18787299946416 1084.90325774811208 -1.05366963665862 1.00000000000000
2041.23316523747053 1084.78537573572248 -1.07748534799525 1.00000000000000
2041.27581804024521 1084.66710716206580 -1.10060944545353 1.00000000000000
2041.31637304439209 1084.54781661555171 -1.12211850461179 1.00000000000000
2041.35488170088502 1084.42731928825378 -1.14187816727173 1.00000000000000
2041.39123727200786 1084.30691404081881 -1.15993239247135 1.00000000000000
2041.42565443995409 1084.18652275064960 -1.17647416401768 1.00000000000000
2041.45853144023567 1084.06660683965310 -1.19076592073009 1.00000000000000
2041.49002343078610 1083.94679765915498 -1.20359271337725 1.00000000000000
2041.52076289360411 1083.82716297963634 -1.21387710978843 1.00000000000000
2041.55122807243606 1083.70751007646322 -1.22299450685332 1.00000000000000
2041.58125905191991 1083.58777959039435 -1.22988730062707 1.00000000000000
2041.61149167252006 1083.46839119680226 -1.23395632312884 1.00000000000000
2041.64213330217171 1083.34878562344238 -1.23656209537760 1.00000000000000
2041.67365467088530 1083.22898913826793 -1.23734251009463 1.00000000000000
2041.70636306796223 1083.10924451239407 -1.23622159133531 1.00000000000000
2041.74047285690904 1082.98954310500994 -1.23347507547944 1.00000000000000
2041.77604081056779 1082.87037387210876 -1.22859205424463 1.00000000000000
2041.81304386362899 1082.75186382187530 -1.22149054643885 1.00000000000000
2041.85236326011363 1082.63361201155931 -1.21390332641973 1.00000000000000
2041.89380989607889 1082.51563328271732 -1.20451615574609 1.00000000000000
2041.93771380634280 1082.39788843318820 -1.19314854226849 1.00000000000000
2041.98391745949630 1082.28067207150161 -1.18123184411050 1.00000000000000
2042.03276924137026 1082.16374280489981 -1.16741711515899 1.00000000000000
2042.08472575584892 1082.04705965612084 -1.15186478031673 1.00000000000000
2042.14022263989318 1081.93075765855610 -1.13515033088516 1.00000000000000
2042.19853024999611 1081.81545355264097 -1.11680115372244 1.00000000000000
2042.25996532925637 1081.70094941882417 -1.09634514615924 1.00000000000000
2042.32546813972294 1081.58747756294906 -1.07451102242520 1.00000000000000
2042.39502244495088 1081.47487993072718 -1.05113066811892 1.00000000000000
2042.46812410792336 1081.36369663104415 -1.02739765527081 1.00000000000000
2042.54518303787336 1081.25375952292234 -1.00249895188402 1.00000000000000
2042.62644486554200 1081.14503374183550 -0.97679881848136 1.00000000000000
2042.71231599483872 1081.03739086212590 -0.95030921748204 1.00000000000000
2042.80238153733080 1080.93091255659238 -0.92268401472139 1.00000000000000
2042.89714306133101 1080.82634698692709 -0.89409095882429 1.00000000000000
2042.99676794762490 1080.72292119078338 -0.86423338572272 1.00000000000000
2043.10153621813515 1080.62148840865120 -0.83393921920066 1.00000000000000
2043.21058818080928 1080.52194631239399 -0.80358397344189 1.00000000000000
2043.32462559314445 1080.42523250309750 -0.77125763298516 1.00000000000000
2043.44369637145428 1080.33082387037575 -0.73913171954867 1.00000000000000
2043.56751481594983 1080.23945042071864 -0.70675161229952 1.00000000000000
2043.69526335923001 1080.15149485925213 -0.67369986899222 1.00000000000000
2043.82767248456366 1080.06702842377126 -0.64057545728648 1.00000000000000
2043.96421733917668 1079.98564632423222 -0.60743578868674 1.00000000000000
2044.10497537662741 1079.90779069811106 -0.57435504896205 1.00000000000000
2044.24970858183224 1079.83385186875239 -0.54131035009316 1.00000000000000
2044.39844817132689 1079.76363404979929 -0.50872622140601 1.00000000000000
2044.55086018552538 1079.69746609916911 -0.47588298256564 1.00000000000000
2044.70678795507411 1079.63557777041569 -0.44384344002691 1.00000000000000
2044.86580234556459 1079.57773287920281 -0.41221801708716 1.00000000000000
2045.02791098912712 1079.52415090799332 -0.37976642938371 1.00000000000000
2045.19312269496731 1079.47474728245288 -0.34822772103974 1.00000000000000
2045.36115961836185 1079.42976763611659 -0.31717590872882 1.00000000000000
2045.53147924249060 1079.38952867500484 -0.28574509166962 1.00000000000000
2045.70360231871018 1079.35403023613617 -0.25458949340754 1.00000000000000
2045.87736332323402 1079.32299612369388 -0.22587649955539 1.00000000000000
2046.05290463287383 1079.29629156179726 -0.19958273909302 1.00000000000000
2046.22971397713991 1079.27352033462375 -0.17522273981651 1.00000000000000
2046.40705058461754 1079.25450058234856 -0.15275429923468 1.00000000000000
2046.58498757821508 1079.23900831211358 -0.13281505178233 1.00000000000000
2046.76380249753129 1079.22574924351647 -0.11576896389457 1.00000000000000
2046.94324613275239 1079.21477483352646 -0.10033446081667 1.00000000000000
2047.12289126822725 1079.20549841783941 -0.08700007959988 1.00000000000000
2047.30255100701470 1079.19728934252635 -0.07700111744056 1.00000000000000
2047.48229903855827 1079.18986520310864 -0.06950273695924 1.00000000000000
2047.66218155529350 1079.18249486433342 -0.06461958515448 1.00000000000000
2047.84261991403764 1079.17492923047394 -0.06225023140527 1.00000000000000
2048.02379583974835 1079.16688685165718 -0.06097162457278 1.00000000000000
2048.20535353117157 1079.15757711883634 -0.06130262213203 1.00000000000000
2048.38742397911847 1079.14649311965331 -0.06489814969128 1.00000000000000
2048.57006497675320 1079.13342951843515 -0.07027601489434 1.00000000000000
2048.75310285622254 1079.11754679307342 -0.07781346294150 1.00000000000000
2048.93688465410378 1079.09857971919701 -0.08795646167462 1.00000000000000
2049.12044567125849 1079.07664705300704 -0.10096508509971 1.00000000000000
2049.30394174478715 1079.05090126674622 -0.11668954568410 1.00000000000000
2049.48724567808677 1079.02097403444350 -0.13379682910362 1.00000000000000
2049.67057985119754 1078.98624352505431 -0.15271214566393 1.00000000000000
2049.85455074429046 1078.94632239453495 -0.17440544122206 1.00000000000000
2050.03832361078821 1078.90155561082065 -0.19587370300457 1.00000000000000
2050.22199334518518 1078.85138325253502 -0.22062929351116 1.00000000000000
2050.40513388917316 1078.79537006421015 -0.24734096331308 1.00000000000000
2050.58707867725752 1078.73365479847416 -0.27462931489029 1.00000000000000
2050.76695582532557 1078.66633266117424 -0.30355183879270 1.00000000000000
2050.94491399487015 1078.59226342616603 -0.33400471057860 1.00000000000000
2051.12095103424508 1078.51170638250187 -0.36616208878739 1.00000000000000
2051.29477174603380 1078.42444707546383 -0.39917945737900 1.00000000000000
2051.46633979107719 1078.33024243544787 -0.43256031506952 1.00000000000000
2051.63489845767617 1078.22934416774660 -0.46614037377847 1.00000000000000
2051.80009954143316 1078.12201249413192 -0.50148327133399 1.00000000000000
2051.96160110586789 1078.00844923406839 -0.53835478298738 1.00000000000000
2052.11901275435230 1077.88803007267416 -0.57631256848771 1.00000000000000
2052.27210212068167 1077.76135103916749 -0.61433799427141 1.00000000000000
2052.42049261246575 1077.62873072084039 -0.65260160170624 1.00000000000000
2052.56379897915758 1077.48942138813436 -0.69277635975906 1.00000000000000
2052.70203416096047 1077.34343512821943 -0.73257169598446 1.00000000000000
2052.83496600587387 1077.19095510803163 -0.77144388615754 1.00000000000000
2052.90524260932580 1077.11976750893518 -0.78893744134093 1.00000000000000
2052.96164179255720 1077.03293086029589 -0.81160634250101 1.00000000000000
2053.08161846781150 1076.87044558487833 -0.85156351787223 1.00000000000000
2053.19562480575405 1076.70298705901951 -0.88994162333089 1.00000000000000
2053.30408837867435 1076.53089276980609 -0.92684906415049 1.00000000000000
2053.36264950246550 1076.44952159421518 -0.94349800369778 1.00000000000000
2053.40664993197424 1076.35385440429673 -0.96513272215648 1.00000000000000
2053.46222464728635 1076.26994791487232 -0.98251954672284 1.00000000000000
2053.50180959177669 1076.17299721483141 -1.00448428138409 1.00000000000000
2053.55389961908804 1076.08730562124401 -1.02140238368962 1.00000000000000
2053.58949921507156 1075.98918545199558 -1.04254804115825 1.00000000000000
2053.67010937561281 1075.80213734414428 -1.08096840105215 1.00000000000000
2053.71546263562050 1075.71267399238423 -1.09807376821330 1.00000000000000
2053.74387372861383 1075.61115066753700 -1.11974154833249 1.00000000000000
2053.78595912910532 1075.51961972331628 -1.13612818619727 1.00000000000000
2053.81149108899990 1075.41674858843908 -1.15653465255273 1.00000000000000
2053.85041693702806 1075.32336948346347 -1.17156307284961 1.00000000000000
2053.87265336955898 1075.22019036719576 -1.19116790155766 1.00000000000000
2053.90823234675918 1075.12550981622189 -1.20660603961971 1.00000000000000
2053.92728977923980 1075.02205257909372 -1.22618991338373 1.00000000000000
2053.95958067668835 1074.92621099017560 -1.24096102540285 1.00000000000000
2053.97549024841283 1074.82195109175518 -1.25943638575600 1.00000000000000
2054.00453825690784 1074.72513095242903 -1.27389234625695 1.00000000000000
2054.01724170078523 1074.62112951837480 -1.29169497651753 1.00000000000000
2054.04306214302778 1074.52402091491967 -1.30509813627553 1.00000000000000
2054.05292120744707 1074.41882570553571 -1.32274016374288 1.00000000000000
2054.07579680549679 1074.32052329787984 -1.33603669438218 1.00000000000000
2054.08308894187212 1074.21543500479311 -1.35309115281600 1.00000000000000
2054.10301997634815 1074.11635940708220 -1.36585829441701 1.00000000000000
2054.10776208329480 1074.01156101608649 -1.38125103962211 1.00000000000000
2054.12496319878846 1073.91182928252965 -1.39287329062334 1.00000000000000
2054.12773574521998 1073.80679398495704 -1.40727927928586 1.00000000000000
2054.14249932696112 1073.70628712885082 -1.41721003346664 1.00000000000000
2054.14320233889157 1073.60081081883982 -1.42954388578693 1.00000000000000
2054.15583483374212 1073.49950755760074 -1.43801358596579 1.00000000000000
2054.15493639674969 1073.39478344656527 -1.44955856182542 1.00000000000000
2054.16539483668748 1073.29382740054280 -1.45839414761761 1.00000000000000
2054.16322284634225 1073.18937918823212 -1.46928556676877 1.00000000000000
2054.17187890125206 1073.08796753128991 -1.47605926590219 1.00000000000000
2054.16859740635846 1072.98404627898708 -1.48474952708909 1.00000000000000
2054.17575415410101 1072.88272151444107 -1.48971869221568 1.00000000000000
2054.17188741860446 1072.77871402399614 -1.49647497512186 1.00000000000000
2054.17791971552651 1072.67740093311295 -1.49985693714579 1.00000000000000
2054.17393623304088 1072.57388080703095 -1.50525030920647 1.00000000000000
2054.17907409963664 1072.47237113863230 -1.50813883300544 1.00000000000000
2054.17479336692486 1072.36829670192674 -1.51263429022940 1.00000000000000
2054.17931902082637 1072.26624631276354 -1.51389994421425 1.00000000000000
2054.17588197183795 1072.16264324495569 -1.51570219189174 1.00000000000000
2054.18024449620862 1072.06063857488334 -1.51442612945203 1.00000000000000
2054.17806417727843 1071.95744645176455 -1.51499256148870 1.00000000000000
2054.18240128672915 1071.85537469107658 -1.51414448390198 1.00000000000000
2054.18137414555531 1071.75293997395784 -1.51452042506012 1.00000000000000
2054.18577320862096 1071.65137862972915 -1.51330506213071 1.00000000000000
2054.18626789283007 1071.54914714721963 -1.51211276166471 1.00000000000000
2054.19100492412690 1071.44767328072339 -1.50946683234729 1.00000000000000
2054.19303735258291 1071.34558932296932 -1.50690773008589 1.00000000000000
2054.19831852824427 1071.24400504771620 -1.50369089662729 1.00000000000000
2054.20202937978320 1071.14144914224744 -1.50046687800300 1.00000000000000
2054.20806209306465 1071.03945287829265 -1.49629729622205 1.00000000000000
2054.21361353149405 1070.93726429389790 -1.49173788596959 1.00000000000000
2054.22057472658344 1070.83534175623208 -1.48668959352632 1.00000000000000
2054.22816050238907 1070.73261024663225 -1.48098317860471 1.00000000000000
2054.23633712064475 1070.63016417901963 -1.47482916128644 1.00000000000000
2054.24664499238133 1070.52778463205323 -1.46794073187937 1.00000000000000
2054.25617287517525 1070.42554657254368 -1.46120173575002 1.00000000000000
2054.26881124579813 1070.32321113394573 -1.45367531586900 1.00000000000000
2054.27980513742659 1070.22126779891551 -1.44651442430134 1.00000000000000
2054.29531943786424 1070.11925652530044 -1.43803832492978 1.00000000000000
2054.30793881969294 1070.01752424146980 -1.43032053100724 1.00000000000000
2054.32649336615577 1069.91531251231208 -1.42126140663972 1.00000000000000
2054.34093374281656 1069.81335030635819 -1.41293672018352 1.00000000000000
2054.36188682855573 1069.71126330038533 -1.40261330588627 1.00000000000000
2054.37829835381126 1069.60968121560290 -1.39301601647897 1.00000000000000
2054.40204058366362 1069.50817355979234 -1.38130964590253 1.00000000000000
2054.42068556748563 1069.40692316507921 -1.37059420019926 1.00000000000000
2054.44754194444977 1069.30528794415295 -1.35784501596883 1.00000000000000
2054.46872069616802 1069.20384441874921 -1.34650462550174 1.00000000000000
2054.49842198326951 1069.10367161966860 -1.33289633375769 1.00000000000000
2054.52208928839536 1069.00328354025260 -1.32050280083994 1.00000000000000
2054.55572025361471 1068.90363801922649 -1.30569198391462 1.00000000000000
2054.58208690350875 1068.80409080535173 -1.29280430795521 1.00000000000000
2054.61895535071380 1068.70549174165353 -1.27757785210570 1.00000000000000
2054.64820210088510 1068.60649348935112 -1.26437698050845 1.00000000000000
2054.68892937700730 1068.50889784004539 -1.24841436686157 1.00000000000000
2054.72107218345627 1068.41102412436157 -1.23417549332439 1.00000000000000
2054.76521374576259 1068.31408755015582 -1.21717401915569 1.00000000000000
2054.80060841469094 1068.21683429414406 -1.20210196216020 1.00000000000000
2054.84873915545177 1068.12188849132508 -1.18418971058458 1.00000000000000
2054.88722684187815 1068.02617934718728 -1.16854581935126 1.00000000000000
2054.93912902747979 1067.93300539581105 -1.14997028115295 1.00000000000000
2054.98086545511615 1067.83875742927194 -1.13385116427416 1.00000000000000
2055.03603619855130 1067.74785642931238 -1.11533392148987 1.00000000000000
2055.08083361451281 1067.65544208791107 -1.09945284777415 1.00000000000000
2055.13991511974018 1067.56675844220445 -1.08035533761242 1.00000000000000
2055.18799957406009 1067.47592570632696 -1.06389394225380 1.00000000000000
2055.24993199459277 1067.39026876213029 -1.04422071057079 1.00000000000000
2055.30073314701440 1067.30219465866685 -1.02745269510548 1.00000000000000
2055.36576811037958 1067.21905238274485 -1.00838943222892 1.00000000000000
2055.41932884615380 1067.13330774009228 -0.99257840918388 1.00000000000000
2055.48761351651046 1067.05243099480867 -0.97416143814693 1.00000000000000
2055.54399331856985 1066.96864945581183 -0.95904257311183 1.00000000000000
2055.61508326401236 1066.89019084395841 -0.94097414115816 1.00000000000000
2055.67435739177745 1066.80811292398721 -0.92622130861973 1.00000000000000
2055.74753001972567 1066.73320599924773 -0.90892429982324 1.00000000000000
2055.80873602943029 1066.65386138390750 -0.89500694169813 1.00000000000000
2055.88378815038595 1066.58201998285949 -0.87884219306892 1.00000000000000
2056.02288744697580 1066.43632836220786 -0.85215482209290 1.00000000000000
2056.16462464939104 1066.29607348190621 -0.82675366269903 1.00000000000000
2056.30676265602233 1066.16163315298036 -0.80456623651373 1.00000000000000
2056.44831244979287 1066.03378209052607 -0.78623992662367 1.00000000000000
2056.59037521749269 1065.90901037445292 -0.77265584446253 1.00000000000000
2056.73362761625322 1065.78624727670103 -0.76139169402524 1.00000000000000
2056.87636819994077 1065.66527734650299 -0.75565483321414 1.00000000000000
2057.01787714171223 1065.54567280411720 -0.75243620188735 1.00000000000000
2057.15646480320720 1065.42879430949688 -0.75029413906723 1.00000000000000
2057.29230362165254 1065.31295742094517 -0.75039434341075 1.00000000000000
2057.42567295650952 1065.19758621370420 -0.75318535393092 1.00000000000000
2057.55711508769309 1065.08208774635568 -0.75694438806881 1.00000000000000
2057.68834202986909 1064.96414582105353 -0.76248485599889 1.00000000000000
2057.81822933448711 1064.84471831656992 -0.76893006055878 1.00000000000000
2057.94377594743855 1064.72636906523257 -0.77616856004876 1.00000000000000
2058.06620681140339 1064.60717478720471 -0.78736579783756 1.00000000000000
2058.18497916206252 1064.48763524601236 -0.79889552005567 1.00000000000000
2058.29929820797406 1064.36870041349903 -0.81002139288471 1.00000000000000
2058.40945137373637 1064.24867857899517 -0.82568183032239 1.00000000000000
2058.51649085816462 1064.12708548409864 -0.84119497530920 1.00000000000000
2058.62080839381088 1064.00373921170831 -0.85634769051904 1.00000000000000
2058.72161723097088 1063.87875233357772 -0.87285167818782 1.00000000000000
2058.81959743262269 1063.75218929164112 -0.88934351687490 1.00000000000000
2058.91444364201743 1063.62309276545420 -0.90728802985345 1.00000000000000
2059.00637021358125 1063.49175900546834 -0.92494966591457 1.00000000000000
2059.09546123549808 1063.35817376803607 -0.94079213718937 1.00000000000000
2059.18125916895224 1063.22236131783575 -0.95989999076031 1.00000000000000
2059.26417417661287 1063.08465104084462 -0.97859261741951 1.00000000000000
2059.34445729153231 1062.94499830063432 -0.99546217294769 1.00000000000000
2059.42181799444370 1062.80290892580524 -1.01495976716625 1.00000000000000
2059.49645825650077 1062.65813232026994 -1.03350325920045 1.00000000000000
2059.56874027231243 1062.51143705146387 -1.04896069555499 1.00000000000000
2059.63830556347966 1062.36300016567111 -1.06497304222247 1.00000000000000
2059.70582065772032 1062.21282978914678 -1.07935924023687 1.00000000000000
2059.77107708516996 1062.06085360189900 -1.09183435926172 1.00000000000000
2059.83471191336866 1061.90744150895625 -1.10411553745992 1.00000000000000
2059.89688182953978 1061.75245551764965 -1.11527157176989 1.00000000000000
2059.95720896963030 1061.59587066061795 -1.12425117077297 1.00000000000000
2060.01678530499339 1061.43858133908361 -1.13190733803482 1.00000000000000
2060.07526691805106 1061.28100369079039 -1.13885931097012 1.00000000000000
2060.13296291406732 1061.12272521620616 -1.14383323925330 1.00000000000000
2060.19079795863945 1060.96400778228417 -1.14731142934961 1.00000000000000
2060.24886272731237 1060.80419975984842 -1.14983068215569 1.00000000000000
2060.30680858052801 1060.64462605258450 -1.15093266323588 1.00000000000000
2060.36430192796979 1060.48664467083290 -1.15219339622625 1.00000000000000
2060.42057024518726 1060.33189340587705 -1.15475002885531 1.00000000000000
2060.47644860355649 1060.17846093606204 -1.15666771159079 1.00000000000000
2060.53368615137879 1060.02353004785255 -1.15779911960437 1.00000000000000
2060.59102072042879 1059.86868391977623 -1.15971129218616 1.00000000000000
2060.64817631687038 1059.71522628609091 -1.16131003805117 1.00000000000000
2060.70543887995882 1059.56292219832540 -1.16189101412701 1.00000000000000
2060.76265127374791 1059.41202815715224 -1.16280031503853 1.00000000000000
2060.81953143747523 1059.26273720571771 -1.16371902323913 1.00000000000000
2060.87607633636799 1059.11507776193321 -1.16449678177368 1.00000000000000
2060.93203924305271 1058.96906157303602 -1.16488812267520 1.00000000000000
2060.98799870000221 1058.82457813015208 -1.16554416941871 1.00000000000000
2061.04344160377514 1058.68177770031616 -1.16630515482929 1.00000000000000
2061.09830794087611 1058.54144816473126 -1.16626589582677 1.00000000000000
2061.15206623217091 1058.40408175764605 -1.16691224762373 1.00000000000000
2061.20508036267711 1058.26976375188679 -1.16711264448776 1.00000000000000
2061.25688926683506 1058.13871390558779 -1.16784732269898 1.00000000000000
2061.30702373990789 1058.01197758829221 -1.16823302678764 1.00000000000000
2061.35508600948378 1057.88999875355512 -1.16814310098060 1.00000000000000
2061.40100930188783 1057.77330661378801 -1.16790343427026 1.00000000000000
2061.44447644584579 1057.66212339513004 -1.16853114099807 1.00000000000000
2061.48591273935745 1057.55663426965475 -1.16832693763481 1.00000000000000
2061.52535352064297 1057.45701013924554 -1.16831836091314 1.00000000000000
2061.56225520779844 1057.36362290522084 -1.16875558970398 1.00000000000000
2061.61429847253021 1057.23398761684075 -1.16794603159183 1.00000000000000
2061.65797396417474 1057.12394235515967 -1.16745213390564 1.00000000000000
2061.69813403539592 1057.02546440996230 -1.16738345231388 1.00000000000000
2061.74082280672155 1056.92113954247907 -1.16613855018796 1.00000000000000
2061.78358712000772 1056.81502435030416 -1.16538076722035 1.00000000000000
