-200.65365736722015 1305.74533698661253 -0.42059992381395 1.00000000000000
-200.54903362412006 1305.71182654192671 -0.39362360386598 1.00000000000000
-200.45354852825403 1305.67647003941238 -0.37741578810253 1.00000000000000
-200.32838199997786 1305.63056007679552 -0.35814686094223 1.00000000000000
-200.21412608306855 1305.58913493342698 -0.34224948621742 1.00000000000000
-200.08429252007045 1305.54596154252067 -0.32485352015560 1.00000000000000
-199.98785721394233 1305.51451282529160 -0.31252622272755 1.00000000000000
-199.88464937970275 1305.48201887402683 -0.29944907832636 1.00000000000000
-199.77511172776576 1305.44900870462880 -0.28583378235346 1.00000000000000
-199.65884247963550 1305.41543253557757 -0.27135030741301 1.00000000000000
-199.53489830688341 1305.38151304097846 -0.25666462927892 1.00000000000000
-199.40417662065011 1305.34732088539749 -0.24144382405155 1.00000000000000
-199.26681432116311 1305.31367359310389 -0.22557911939977 1.00000000000000
-199.12289392878301 1305.28074268717319 -0.20904139605981 1.00000000000000
-198.97251995967235 1305.24863541545346 -0.19213234676007 1.00000000000000
-198.81547301082173 1305.21771341608837 -0.17480969463381 1.00000000000000
-198.65243894717423 1305.18831931753084 -0.15677009934736 1.00000000000000
-198.48401587008266 1305.16063722595572 -0.13880925225258 1.00000000000000
-198.30943902721629 1305.13502609822899 -0.12033704525764 1.00000000000000
-198.12886852631345 1305.11190307512879 -0.10090427637105 1.00000000000000
-197.94261619576719 1305.09101443737745 -0.08219162166077 1.00000000000000
-197.75111025344813 1305.07334661437199 -0.06263423937579 1.00000000000000
-197.55495263944613 1305.05874140560627 -0.04304244847614 1.00000000000000
-197.35523506044410 1305.04740372532979 -0.02331680847683 1.00000000000000
-197.25504392536823 1305.04420113749802 -0.01258250253437 1.00000000000000
-197.15278242260683 1305.03993292944506 -0.00305928125154 1.00000000000000
-197.05116623512004 1305.03870970709249 0.00748596073529 1.00000000000000
-196.94729032850591 1305.03626318462193 0.01693414120733 1.00000000000000
-196.84412984631490 1305.03705145139247 0.02723778425161 1.00000000000000
-196.73945783689851 1305.03624549834058 0.03649505115765 1.00000000000000
-196.63609895110130 1305.03908556280658 0.04710101092582 1.00000000000000
-196.53065129718743 1305.04056850355119 0.05654796136710 1.00000000000000
-196.42618051683530 1305.04551528440788 0.06714545333003 1.00000000000000
-196.31990115973167 1305.04868707945570 0.07653863956086 1.00000000000000
-196.21453029569238 1305.05578770721331 0.08720478397158 1.00000000000000
-196.10782086191466 1305.06118813995272 0.09662952502789 1.00000000000000
-196.00226714182645 1305.07043179776520 0.10738910510917 1.00000000000000
-195.89522966387449 1305.07792819989845 0.11693100709285 1.00000000000000
-195.78902685700450 1305.08939924091101 0.12779554592812 1.00000000000000
-195.68241747538559 1305.09950839588419 0.13775234992291 1.00000000000000
-195.57663680135738 1305.11317249899730 0.14888321971587 1.00000000000000
-195.46984568733023 1305.12511288840324 0.15874590325922 1.00000000000000
-195.36397197144106 1305.14101327722892 0.16963808397475 1.00000000000000
-195.25636397395283 1305.15544736664742 0.17931104360524 1.00000000000000
-195.14969297469361 1305.17370546283200 0.19009460639480 1.00000000000000
-195.04201597836800 1305.18981608981267 0.19957859439208 1.00000000000000
-194.93536924693035 1305.21032083220780 0.21058857519129 1.00000000000000
-194.82707622565795 1305.22894488740712 0.22050742332944 1.00000000000000
-194.72006158670411 1305.25184993073344 0.23171339833382 1.00000000000000
-194.61163397738710 1305.27309652836993 0.24161705857625 1.00000000000000
-194.50437030772446 1305.29840093525127 0.25262455797470 1.00000000000000
-194.39650140702724 1305.32215370750055 0.26256936960349 1.00000000000000
-194.28989062766777 1305.34970430703834 0.27394154904021 1.00000000000000
-194.18163285928313 1305.37667287839577 0.28460833045047 1.00000000000000
-194.07481518969871 1305.40679575782269 0.29623149388879 1.00000000000000
-193.96668540971586 1305.43583411583677 0.30684702143477 1.00000000000000
-193.86002859321889 1305.46843683673069 0.31814076905715 1.00000000000000
-193.75215307844337 1305.50061979610473 0.32827305171550 1.00000000000000
-193.64572899555787 1305.53564754687250 0.33932270276064 1.00000000000000
-193.53749050456099 1305.57002402283251 0.34975295684828 1.00000000000000
-193.43095921992790 1305.60770780593157 0.36149956670655 1.00000000000000
-193.32273059850559 1305.64468627655879 0.37213177978144 1.00000000000000
-193.21610110974871 1305.68502853624523 0.38340512660399 1.00000000000000
-193.10801618546247 1305.72483604913577 0.39361215764996 1.00000000000000
-193.00186672632117 1305.76763577340171 0.40489315491419 1.00000000000000
-192.89463405590504 1305.81014164956287 0.41552089704269 1.00000000000000
-192.78876032808330 1305.85561179462820 0.42749599097247 1.00000000000000
-192.68191744934302 1305.90023227175698 0.43836500100273 1.00000000000000
-192.57694547111169 1305.94813441252336 0.45015868051202 1.00000000000000
-192.47002500738017 1305.99605417344719 0.46095312055939 1.00000000000000
-192.36534348025452 1306.04668512893841 0.47257000727783 1.00000000000000
-192.25887598417467 1306.09730355581269 0.48360659275110 1.00000000000000
-192.15440825704718 1306.15081890020519 0.49562139467348 1.00000000000000
-192.04864924878348 1306.20421806443483 0.50658636828849 1.00000000000000
-191.94487848249264 1306.26036587730050 0.51826422108289 1.00000000000000
-191.83998254965991 1306.31628143228590 0.52884957247914 1.00000000000000
-191.73709079006221 1306.37495708465576 0.54047648710625 1.00000000000000
-191.63276434747968 1306.43381022149697 0.55152872016124 1.00000000000000
-191.53024365945021 1306.49542880617082 0.56355794697032 1.00000000000000
-191.42748871928779 1306.55653619254008 0.57477392321362 1.00000000000000
-191.32651532534510 1306.62046116264537 0.58692472038849 1.00000000000000
-191.22518859035335 1306.68382776249200 0.59785177475672 1.00000000000000
-191.12564364541322 1306.75004912726581 0.60949782991015 1.00000000000000
-191.02558920171577 1306.81605067756027 0.62040012575626 1.00000000000000
-190.92786083696410 1306.88432677322999 0.63225258599905 1.00000000000000
-190.82965842512203 1306.95253246370703 0.64326262290583 1.00000000000000
-190.73331280495040 1307.02317872922868 0.65522698027873 1.00000000000000
-190.63683306251187 1307.09390028193593 0.66627139014441 1.00000000000000
-190.54231395653915 1307.16656690370291 0.67797798138205 1.00000000000000
-190.44756007828983 1307.23958942526951 0.68891902812258 1.00000000000000
-190.35473475191975 1307.31433073990047 0.70037957031563 1.00000000000000
-190.26247153838631 1307.38902999414131 0.71127477460971 1.00000000000000
-190.17209488502704 1307.46524638822302 0.72304978193463 1.00000000000000
-190.08216367440764 1307.54133910546079 0.73443257903973 1.00000000000000
-189.99377551773796 1307.61943380441517 0.74630887345140 1.00000000000000
-189.90572501590941 1307.69771297043189 0.75752727051697 1.00000000000000
-189.81937579688383 1307.77757603349164 0.76899846515247 1.00000000000000
-189.73325340484735 1307.85794304497540 0.77994317381501 1.00000000000000
-189.64850499061868 1307.93995720380917 0.79147194818196 1.00000000000000
-189.56478570052423 1308.02196531463414 0.80232151655199 1.00000000000000
-189.48243013094179 1308.10529282409698 0.81367102737640 1.00000000000000
-189.40155963925645 1308.18849960807711 0.82489684818689 1.00000000000000
-189.32175688474672 1308.27303192485124 0.83665552882873 1.00000000000000
-189.24314095656155 1308.35878864955157 0.84803888577496 1.00000000000000
-189.16533646127209 1308.44504181947559 0.85934035029602 1.00000000000000
-189.08858742110897 1308.53219412779436 0.87023357219071 1.00000000000000
-189.01265068713110 1308.62026540655643 0.88156294255608 1.00000000000000
-188.93812888173852 1308.70856139995158 0.89267777734269 1.00000000000000
-188.86449361994164 1308.79800284327939 0.90439969200590 1.00000000000000
-188.79260972200427 1308.88736739614978 0.91552049925996 1.00000000000000
-188.72126626927638 1308.97809764603153 0.92683978022570 1.00000000000000
-188.65178424137412 1309.06876182975248 0.93787522488015 1.00000000000000
-188.58290637377650 1309.16052440740168 0.94915351998502 1.00000000000000
-188.51611488597700 1309.25265432801098 0.96047659047443 1.00000000000000
-188.44967748050112 1309.34549922682345 0.97194974099903 1.00000000000000
-188.38511239702348 1309.43873350694776 0.98304443818680 1.00000000000000
-188.32102674705675 1309.53262694319710 0.99403881877570 1.00000000000000
-188.25878857815405 1309.62708323681727 1.00483316047922 1.00000000000000
-188.19682165945414 1309.72235342068598 1.01608598890789 1.00000000000000
-188.13725327810971 1309.81773318257183 1.02728680802468 1.00000000000000
-188.07801884692162 1309.91345487954095 1.03866659304030 1.00000000000000
-188.02066695108078 1310.00996510451660 1.04947444190440 1.00000000000000
-187.96354631520808 1310.10694393748417 1.06037178925860 1.00000000000000
-187.90835030807648 1310.20479134609923 1.07130682709367 1.00000000000000
-187.85344410740072 1310.30293104145676 1.08251538279120 1.00000000000000
-187.80104797042441 1310.40203407686204 1.09364405954948 1.00000000000000
-187.74845788895618 1310.50112890405580 1.10471169167108 1.00000000000000
-187.69811832252890 1310.60173299629241 1.11612865445625 1.00000000000000
-187.64803390437737 1310.70156392268836 1.12760246906110 1.00000000000000
-187.60003926884383 1310.80308981239796 1.13883990604811 1.00000000000000
-187.55192400794476 1310.90460233110934 1.14991519699582 1.00000000000000
-187.50584992778022 1311.00716523034498 1.16072457708636 1.00000000000000
-187.45989905635361 1311.10999316303059 1.17207211824706 1.00000000000000
-187.41621890745591 1311.21376813715324 1.18361045246810 1.00000000000000
-187.37265642557759 1311.31753912474960 1.19502827963030 1.00000000000000
-187.33095268753823 1311.42282043490559 1.20595692615063 1.00000000000000
-187.28953133476898 1311.52798744151369 1.21702913641874 1.00000000000000
-187.25022431509569 1311.63439039373770 1.22822782331182 1.00000000000000
-187.21085329155903 1311.74144911672920 1.23981800882226 1.00000000000000
-187.17382627050392 1311.84884212724864 1.25129321193302 1.00000000000000
-187.13707754097413 1311.95627544447780 1.26265401812071 1.00000000000000
-187.10248478088761 1312.06449420331046 1.27394094938159 1.00000000000000
-187.06794946838636 1312.17352016968653 1.28534522849502 1.00000000000000
-187.03541940846480 1312.28261178452522 1.29649355986660 1.00000000000000
-187.00335982127581 1312.39248101040721 1.30810579609439 1.00000000000000
-186.97323749755742 1312.50220852857456 1.31927612710001 1.00000000000000
-186.94352779467590 1312.61337442742661 1.33080389642832 1.00000000000000
-186.91582563240081 1312.72451904136688 1.34194454421029 1.00000000000000
-186.88869222265203 1312.83622550545260 1.35352266334068 1.00000000000000
-186.86331202805741 1312.94830508949235 1.36469455061446 1.00000000000000
-186.83868578576948 1313.06088418234140 1.37638717512243 1.00000000000000
-186.81627479370218 1313.17378278542310 1.38797219451983 1.00000000000000
-186.79420946957543 1313.28732810681686 1.39980776175340 1.00000000000000
-186.77432064100867 1313.40177953336388 1.41141703027090 1.00000000000000
-186.75490174919832 1313.51600269274786 1.42326703210765 1.00000000000000
-186.73796767508611 1313.63072315230966 1.43504225349116 1.00000000000000
-186.72126030788058 1313.74554766621441 1.44712410614474 1.00000000000000
-186.70836783794221 1313.86117030447349 1.45945464310195 1.00000000000000
-186.69430295401253 1313.97739188931882 1.47099259939184 1.00000000000000
-186.68372253660345 1314.09283098345622 1.48282747500858 1.00000000000000
-186.67247702041641 1314.20873151719570 1.49443452582568 1.00000000000000
-186.66441695753019 1314.32545120548457 1.50663097606587 1.00000000000000
-186.65590927470475 1314.44211758626625 1.51835283404040 1.00000000000000
-186.65042876772350 1314.55889841075987 1.53058136798821 1.00000000000000
-186.64471688971389 1314.67551249824464 1.54209823845977 1.00000000000000
-186.64164153626189 1314.79223303450271 1.55409490483641 1.00000000000000
-186.63871008792194 1314.90916277095675 1.56581357451736 1.00000000000000
-186.63839462690521 1315.02634925954044 1.57785883676290 1.00000000000000
-186.63826858263928 1315.14379269490018 1.58974997642301 1.00000000000000
-186.64046267746016 1315.26087013585493 1.60222038470360 1.00000000000000
-186.64321531192400 1315.37854149611667 1.61429620638650 1.00000000000000
-186.64767867658520 1315.49551306525245 1.62615496687924 1.00000000000000
-186.65318737644702 1315.61279613524675 1.63752355754554 1.00000000000000
-186.65981867862865 1315.72945147473365 1.64886415453309 1.00000000000000
-186.66804027772741 1315.84685068298131 1.66021702729831 1.00000000000000
-186.67711122636683 1315.96358715929091 1.67192448166601 1.00000000000000
-186.68815177388024 1316.08111884305254 1.68400424464415 1.00000000000000
-186.69971874542534 1316.19816605560482 1.69591280855279 1.00000000000000
-186.71348706155550 1316.31504995422438 1.70754931445471 1.00000000000000
-186.72783003631048 1316.43147751223296 1.71911224937680 1.00000000000000
-186.74439632124268 1316.54832631023601 1.73099998733875 1.00000000000000
-186.76126259309240 1316.66469145892188 1.74267847723568 1.00000000000000
-186.78069630870596 1316.78161746496335 1.75481679869290 1.00000000000000
-186.80088801006787 1316.89838739950210 1.76679546499097 1.00000000000000
-186.82321834482718 1317.01525066932663 1.77887444099916 1.00000000000000
-186.84576166025363 1317.13127573160455 1.79060467970652 1.00000000000000
-186.87085191358346 1317.24762880941853 1.80230116191208 1.00000000000000
-186.89628285123035 1317.36367080826312 1.81375878446808 1.00000000000000
-186.92420541576575 1317.47990916110575 1.82542810877979 1.00000000000000
-186.95202092960244 1317.59515560604632 1.83709802945786 1.00000000000000
-186.98269811749924 1317.71075011789799 1.84910161049060 1.00000000000000
-187.01326899277046 1317.82596086245030 1.86073658868613 1.00000000000000
-187.04677695874125 1317.94107970269397 1.87285053548010 1.00000000000000
-187.07972998253535 1318.05572245921940 1.88468552795703 1.00000000000000
-187.11598177056294 1318.17000821325928 1.89676850870677 1.00000000000000
-187.15154318884015 1318.28410154907033 1.90834943608960 1.00000000000000
-187.19070936163189 1318.39806414628401 1.92050663876875 1.00000000000000
-187.22942447988316 1318.51157278520986 1.93228006381100 1.00000000000000
-187.27152940619271 1318.62514642300084 1.94446791624486 1.00000000000000
-187.31290862825699 1318.73805927019566 1.95617493533271 1.00000000000000
-187.35760431911331 1318.85035391850397 1.96809107533876 1.00000000000000
-187.40095604734961 1318.96202687919140 1.97950019292480 1.00000000000000
-187.44845568464370 1319.07364201452583 1.99152506679011 1.00000000000000
-187.49434194795322 1319.18412503879517 2.00308318178766 1.00000000000000
-187.54446164029650 1319.29454124905169 2.01527874117846 1.00000000000000
-187.59241117723286 1319.40417731041089 2.02683533285661 1.00000000000000
-187.64535949227866 1319.51381477667019 2.03907388262344 1.00000000000000
-187.69623804453295 1319.62262413417920 2.05053398518348 1.00000000000000
-187.75169698090758 1319.73086134623736 2.06255629149533 1.00000000000000
-187.80513457464986 1319.83871120680124 2.07391841467917 1.00000000000000
-187.86303721502190 1319.94547332497314 2.08586750100842 1.00000000000000
-187.91901787766255 1320.05243319272995 2.09735405359749 1.00000000000000
-187.97974963416345 1320.15838749427348 2.10940487119732 1.00000000000000
-188.03853254986461 1320.26386308902875 2.12093355109779 1.00000000000000
-188.10179233457893 1320.36841805977747 2.13300180278596 1.00000000000000
-188.16279243980534 1320.47233976563439 2.14441206410529 1.00000000000000
-188.22849719773512 1320.57536215614527 2.15652792607274 1.00000000000000
-188.29224934533704 1320.67781918961555 2.16811909560927 1.00000000000000
-188.36050208105007 1320.77937168162316 2.18059720540085 1.00000000000000
-188.42632359307026 1320.88042581873015 2.19226443056299 1.00000000000000
-188.49676341132727 1320.98004079936072 2.20432036199286 1.00000000000000
-188.56480486184591 1321.07949157198891 2.21559697557455 1.00000000000000
-188.63770170160569 1321.17758189095184 2.22779205786825 1.00000000000000
-188.70867160102352 1321.27532962849364 2.23951362618832 1.00000000000000
-188.78387297771405 1321.37165100127459 2.25164317091107 1.00000000000000
-188.85707139159786 1321.46749981166795 2.26313426064915 1.00000000000000
-188.93458398280200 1321.56207688245922 2.27519279108937 1.00000000000000
-189.00991268997313 1321.65652109356597 2.28669378667701 1.00000000000000
-189.08956873446004 1321.74917868524790 2.29870900886073 1.00000000000000
-189.16710709070321 1321.84175894781947 2.31020671522242 1.00000000000000
-189.24890091287671 1321.93245218787342 2.32244852097846 1.00000000000000
-189.32801398861920 1322.02302117459476 2.33394505015315 1.00000000000000
-189.41161407541949 1322.11145191965625 2.34597813156682 1.00000000000000
-189.49303699604934 1322.20016364892945 2.35723407039338 1.00000000000000
-189.57875626138411 1322.28669088333845 2.36921999534422 1.00000000000000
-189.66242854006123 1322.37372351204976 2.38042503636874 1.00000000000000
-189.75058636150789 1322.45867092022672 2.39248419470186 1.00000000000000
-189.83634468063246 1322.54366082744673 2.40415914081583 1.00000000000000
-189.92646827630233 1322.62641357770190 2.41673359864910 1.00000000000000
-190.01435329834931 1322.70931766415015 2.42849655646335 1.00000000000000
-190.10650506423553 1322.78995849005878 2.44067489719645 1.00000000000000
-190.19638360419776 1322.87111675459892 2.45182462625526 1.00000000000000
-190.29062089871150 1322.94978740997612 2.46377749828996 1.00000000000000
-190.38251630263403 1323.02898920699954 2.47558784402993 1.00000000000000
-190.47880296036601 1323.10549191525206 2.48827152871975 1.00000000000000
-190.57295796711696 1323.18263315223157 2.50015666562024 1.00000000000000
-190.67153680033516 1323.25716526340693 2.51235580802541 1.00000000000000
-190.76728827005718 1323.33206898393109 2.52354438677190 1.00000000000000
-190.86745885678101 1323.40421934984624 2.53527378365670 1.00000000000000
-190.96526860189624 1323.47646939614788 2.54683503891978 1.00000000000000
-191.06711232027737 1323.54615642689168 2.55958733919473 1.00000000000000
-191.16858171886997 1323.61683216085657 2.57228754232577 1.00000000000000
-191.27029681543354 1323.68277748813853 2.58467553056241 1.00000000000000
-191.37129045813344 1323.75004716636613 2.59600651994642 1.00000000000000
-191.47645265638130 1323.81480820151046 2.60770487964862 1.00000000000000
-191.57987308129668 1323.88010016689077 2.61911033139326 1.00000000000000
-191.68561362684704 1323.94184547849000 2.63107940810993 1.00000000000000
-191.78909774858039 1324.00424943678081 2.64258025188983 1.00000000000000
-191.89675777795492 1324.06377265369520 2.65478683790707 1.00000000000000
-192.00133128074231 1324.12331038853154 2.66630413375419 1.00000000000000
-192.10982553265058 1324.18003006512299 2.67815468366657 1.00000000000000
-192.21509073238121 1324.23717446206138 2.68922365533622 1.00000000000000
-192.32435844768770 1324.29113210504875 2.70110470044320 1.00000000000000
-192.43165777041577 1324.34429363906384 2.71299969306590 1.00000000000000
-192.54193683236372 1324.39550401736051 2.72531421174724 1.00000000000000
-192.65067688340787 1324.44571715500206 2.73748975319012 1.00000000000000
-192.76194982521702 1324.49412715062499 2.74983989625266 1.00000000000000
-192.87214192701504 1324.54141568299383 2.76183563505810 1.00000000000000
-192.98477543744957 1324.58726284699515 2.77361572928097 1.00000000000000
-193.09653815778438 1324.63213163614273 2.78518285894943 1.00000000000000
-193.21061817184091 1324.67547242343426 2.79701666127682 1.00000000000000
-193.32346487138420 1324.71770165674388 2.80892501546649 1.00000000000000
-193.43853890674654 1324.75831636786461 2.82102101253714 1.00000000000000
-193.55110566510120 1324.79864254780114 2.83260756090984 1.00000000000000
-193.66669681819621 1324.83642126899213 2.84450016751837 1.00000000000000
-193.78020400868263 1324.87417281558737 2.85604107558868 1.00000000000000
-193.89658454840537 1324.90919528389350 2.86820534388188 1.00000000000000
-194.01093722291989 1324.94417588040233 2.88013072803584 1.00000000000000
-194.12815075635444 1324.97640239167958 2.89245949887502 1.00000000000000
-194.24370423378423 1325.00790640572086 2.90449044780204 1.00000000000000
-194.36165743839229 1325.03730476694182 2.91654853084657 1.00000000000000
-194.47775011276826 1325.06615155516192 2.92824752627370 1.00000000000000
-194.59647003078135 1325.09277255786583 2.94021331499192 1.00000000000000
-194.71365583472652 1325.11915841093287 2.95216044115018 1.00000000000000
-194.83346733101644 1325.14302461408079 2.96440208061082 1.00000000000000
-194.95120718260296 1325.16655440907925 2.97624556604998 1.00000000000000
-195.07154392683879 1325.18758286628872 2.98808186375337 1.00000000000000
-195.18961888167541 1325.20758766168728 2.99983416643548 1.00000000000000
-195.30992553487886 1325.22568986006081 3.01175320818150 1.00000000000000
-195.42822089698166 1325.24314358085394 3.02379406518434 1.00000000000000
-195.54882309155073 1325.25830503134057 3.03633402645745 1.00000000000000
-195.66755385103170 1325.27281209826469 3.04854664853088 1.00000000000000
-195.78855759120779 1325.28508820477873 3.06039036099396 1.00000000000000
-195.90753505227622 1325.29706064844504 3.07170905615516 1.00000000000000
-196.02877686999273 1325.30652814824134 3.08338549795050 1.00000000000000
-196.14808574481867 1325.31525385659188 3.09524247493222 1.00000000000000
-196.26958761335118 1325.32185024255887 3.10733141441834 1.00000000000000
-196.38891184661770 1325.32802880369127 3.11928022746348 1.00000000000000
-196.51033573038876 1325.33173164026812 3.13128859068657 1.00000000000000
-196.62901957251597 1325.33562063332647 -3.14038405276848 1.00000000000000
-196.75011478131637 1325.33649391727522 -3.12860850477488 1.00000000000000
-196.86805702024139 1325.33792701084167 -3.11714923006952 1.00000000000000
-196.98862147255568 1325.33597625559196 -3.10512966750653 1.00000000000000
-197.10629316058476 1325.33396741235629 -3.09330869818050 1.00000000000000
-197.22630638821283 1325.32918572612107 -3.08128946480162 1.00000000000000
-197.34385998419020 1325.32489108433947 -3.06968810775049 1.00000000000000
-197.46374170965282 1325.31729584420100 -3.05777619431080 1.00000000000000
-197.58062524051638 1325.31061792327091 -3.04648151864012 1.00000000000000
-197.69960813084617 1325.30034123454243 -3.03489455504928 1.00000000000000
-197.81614037783584 1325.29089014185593 -3.02352538000249 1.00000000000000
-197.93501818599179 1325.27786370273679 -3.01177887574531 1.00000000000000
-198.05137585883494 1325.26571236597374 -3.00008836516658 1.00000000000000
-198.16979132068809 1325.24992199009284 -2.98815629911234 1.00000000000000
-198.28530713380314 1325.23430411890149 -2.97623077732892 1.00000000000000
-198.40298936632462 1325.21575320605189 -2.96420008841424 1.00000000000000
-198.51760925329290 1325.19766377471387 -2.95251396159680 1.00000000000000
-198.63421066629235 1325.17649916186929 -2.94097287643509 1.00000000000000
-198.74765341548482 1325.15607148781419 -2.92970916424851 1.00000000000000
-198.86332805035636 1325.13233028212562 -2.91812186056457 1.00000000000000
-198.97627469338477 1325.10913426103070 -2.90656083033921 1.00000000000000
-199.09142526506912 1325.08274040045217 -2.89507985591851 1.00000000000000
-199.20334914280102 1325.05763724399731 -2.88411250907487 1.00000000000000
-199.31735912838485 1325.02882810356095 -2.87298335568719 1.00000000000000
-199.42858118168078 1325.00115873012692 -2.86175084066008 1.00000000000000
-199.54201026685769 1324.96974231628701 -2.85010592327132 1.00000000000000
-199.65150855842512 1324.93960463302210 -2.83863534663997 1.00000000000000
-199.76320448145270 1324.90587562648579 -2.82685487619574 1.00000000000000
-199.87185137998313 1324.87274758284912 -2.81533758347254 1.00000000000000
-199.98259404854616 1324.83651253022254 -2.80384436176824 1.00000000000000
-200.09035826532636 1324.80076712556183 -2.79242336296440 1.00000000000000
-200.19963439612184 1324.76222996460274 -2.78101245344441 1.00000000000000
-200.30644871352706 1324.72451671725139 -2.76961557784271 1.00000000000000
-200.41498562216293 1324.68343480676413 -2.75808028002180 1.00000000000000
-200.52036597696133 1324.64365083957091 -2.74667703773274 1.00000000000000
-200.62757471582154 1324.60025674477220 -2.73525234504163 1.00000000000000
-200.73147972917650 1324.55850646737963 -2.72413161007212 1.00000000000000
-200.83725471177604 1324.51292929193005 -2.71302490130400 1.00000000000000
-200.94030123564880 1324.46857475023717 -2.70209084235514 1.00000000000000
-201.04480575572234 1324.42075905622914 -2.69076986936293 1.00000000000000
-201.14686170243658 1324.37435722118244 -2.67945576375282 1.00000000000000
-201.25031515513547 1324.32415797561407 -2.66788844947779 1.00000000000000
-201.35067508922657 1324.27602153737098 -2.65675624693163 1.00000000000000
-201.45251336391084 1324.22374526271597 -2.64538975698219 1.00000000000000
-201.55191877367906 1324.17304761242121 -2.63418205656180 1.00000000000000
-201.65250780450879 1324.11851448286325 -2.62276974858448 1.00000000000000
-201.75018514849944 1324.06563822505996 -2.61162097512979 1.00000000000000
-201.84919239388546 1324.00906090671197 -2.60039101954443 1.00000000000000
-201.94572312722448 1323.95437733223662 -2.58930919143432 1.00000000000000
-202.04339429322863 1323.89563884539530 -2.57805701904765 1.00000000000000
-202.13824979582569 1323.83906633546576 -2.56691496652406 1.00000000000000
-202.23415698215831 1323.77840693993494 -2.55548005357293 1.00000000000000
-202.32776633626781 1323.71989439753816 -2.54450949414108 1.00000000000000
-202.42227202642243 1323.65714545687661 -2.53329391568068 1.00000000000000
-202.51413076830795 1323.59673086320981 -2.52230444536914 1.00000000000000
-202.60711276717484 1323.53196745505556 -2.51101962287282 1.00000000000000
-202.69740510440897 1323.46971221407875 -2.50012769422852 1.00000000000000
-202.78859318973264 1323.40318881720304 -2.48916844101728 1.00000000000000
-202.87778033583891 1323.33903881721199 -2.47832272020893 1.00000000000000
-202.96749132312834 1323.27051519090310 -2.46711435182299 1.00000000000000
-203.05509117222391 1323.20472988067195 -2.45628079890649 1.00000000000000
-203.14288345299428 1323.13459724374115 -2.44533722458894 1.00000000000000
-203.22891422273824 1323.06754928361624 -2.43503388978518 1.00000000000000
-203.31516467395704 1322.99556129565462 -2.42401705154675 1.00000000000000
-203.39902282401454 1322.92694467911497 -2.41326255096711 1.00000000000000
-203.48291761212749 1322.85375855537131 -2.40205391800398 1.00000000000000
-203.56496960495133 1322.78277115104720 -2.39114345864309 1.00000000000000
-203.64724516263232 1322.70780200045556 -2.38043429983108 1.00000000000000
-203.72745565650985 1322.63459106534719 -2.36986628222272 1.00000000000000
-203.80811784940306 1322.55785791715607 -2.35908569047430 1.00000000000000
-203.88686979247723 1322.48345603793859 -2.34815708823332 1.00000000000000
-203.96596584859071 1322.40480278292671 -2.33674927115728 1.00000000000000
-204.04258671990829 1322.32910179113969 -2.32561634888427 1.00000000000000
-204.11938235978596 1322.24926049076021 -2.31442716556112 1.00000000000000
-204.19378897018032 1322.17257774993777 -2.30383827888267 1.00000000000000
-204.26824676262913 1322.09179370524362 -2.29339450846837 1.00000000000000
-204.34072103817016 1322.01371031906456 -2.28319276809026 1.00000000000000
-204.41303023602813 1321.93186169117689 -2.27249982962428 1.00000000000000
-204.48380451300181 1321.85244661010802 -2.26163154424359 1.00000000000000
-204.55425505462335 1321.76909806393087 -2.25037399305541 1.00000000000000
-204.62251856655348 1321.68874161178246 -2.23956460304469 1.00000000000000
-204.69064609194174 1321.60455259634182 -2.22903257699103 1.00000000000000
-204.75705647282302 1321.52275200514123 -2.21870561282150 1.00000000000000
-204.82342204242013 1321.43710049148649 -2.20813768343086 1.00000000000000
-204.88809295371175 1321.35439688200131 -2.19753187109344 1.00000000000000
-204.95253709587269 1321.26745625073090 -2.18671699632274 1.00000000000000
-205.01516947196797 1321.18336504511535 -2.17597189030703 1.00000000000000
-205.07748010242358 1321.09538836730644 -2.16509339302434 1.00000000000000
-205.13814242341323 1321.01130938902497 -2.15478711590804 1.00000000000000
-205.19789702730486 1320.92305223597214 -2.14414321128263 1.00000000000000
-205.25659908598755 1320.83829474123195 -2.13381243657999 1.00000000000000
-205.31433166528586 1320.74898535152897 -2.12285207315828 1.00000000000000
-205.37092832999770 1320.66299684811383 -2.11237450154505 1.00000000000000
-205.42677559098229 1320.57248200895265 -2.10183872327393 1.00000000000000
-205.48125992791029 1320.48576842900366 -2.09164213962423 1.00000000000000
-205.53486525057815 1320.39470685040578 -2.08126977849512 1.00000000000000
-205.58727152040228 1320.30696517368779 -2.07114560223460 1.00000000000000
-205.63876623561373 1320.21517234202474 -2.06053781677955 1.00000000000000
-205.68918935256079 1320.12696626037359 -2.05028433868800 1.00000000000000
-205.73857173463330 1320.03452113550156 -2.03991214653925 1.00000000000000
-205.78687472222373 1319.94532120693475 -2.02987205403809 1.00000000000000
-205.83430105226580 1319.85202979482710 -2.01982131009333 1.00000000000000
-205.88090398866916 1319.76257579447702 -2.00989008318818 1.00000000000000
-205.92625472164946 1319.66870431136340 -1.99963437742564 1.00000000000000
-205.97093781421427 1319.57876084279269 -1.98965377812737 1.00000000000000
-206.01407120493241 1319.48466338403523 -1.97943651236180 1.00000000000000
-206.09716126060812 1319.30023806262761 -1.95869638661390 1.00000000000000
-206.17590326978825 1319.11487230937928 -1.93872360751040 1.00000000000000
-206.25088763586245 1318.92927977722138 -1.91916757866972 1.00000000000000
-206.32187603332568 1318.74311845796183 -1.89920899058034 1.00000000000000
-206.38883721985621 1318.55633362429217 -1.87959520655066 1.00000000000000
-206.45170542539563 1318.36821775790304 -1.85951310196357 1.00000000000000
-206.50993406435009 1318.18032277608290 -1.83953309541363 1.00000000000000
-206.56477178621572 1317.99147390946746 -1.82018910013670 1.00000000000000
-206.61605119763408 1317.80304625397548 -1.79954469339379 1.00000000000000
-206.66332081344444 1317.61328604351729 -1.77954608756819 1.00000000000000
-206.70682860806119 1317.42267635697499 -1.76061658294034 1.00000000000000
-206.74681867682375 1317.23129766713828 -1.74118474754878 1.00000000000000
-206.78302305511897 1317.04006840521470 -1.72175722483074 1.00000000000000
-206.81553320458625 1316.84819341264665 -1.70280070527220 1.00000000000000
-206.84440562443342 1316.65567192854360 -1.68340343895200 1.00000000000000
-206.86939830670599 1316.46369073214009 -1.66392414686463 1.00000000000000
-206.89082005515229 1316.27142341062427 -1.64486393601815 1.00000000000000
-206.90824791468913 1316.07968480512500 -1.62552298364026 1.00000000000000
-206.92194842640311 1315.88766012527049 -1.60554437892610 1.00000000000000
-206.93167276191525 1315.69628569576889 -1.58698529249680 1.00000000000000
-206.93770472088363 1315.50447270367295 -1.56864137236287 1.00000000000000
-206.94111432071077 1315.31378983054310 -1.54961899882213 1.00000000000000
-206.94082917133346 1315.12309719854966 -1.53105796212407 1.00000000000000
-206.93666281335754 1314.93243226548657 -1.51234159182333 1.00000000000000
-206.92917278152891 1314.74282161099836 -1.49356763043357 1.00000000000000
-206.91793676931411 1314.55329456226900 -1.47482441135717 1.00000000000000
-206.90302850666922 1314.36499436944723 -1.45567555954140 1.00000000000000
-206.88489419012330 1314.17714407294989 -1.43726299238926 1.00000000000000
-206.86413363541942 1313.98992828279734 -1.41922974997076 1.00000000000000
-206.84000593039673 1313.80387717345729 -1.40104482682887 1.00000000000000
-206.81215011072345 1313.61939465254545 -1.38284704653157 1.00000000000000
-206.78130112879444 1313.43533023353666 -1.36480315630644 1.00000000000000
-206.74707672989462 1313.25313003361225 -1.34634865063337 1.00000000000000
-206.70958885014988 1313.07234082929790 -1.32853417491265 1.00000000000000
-206.66900394309778 1312.89330740971491 -1.31021530824692 1.00000000000000
-206.62596413085703 1312.71499951789156 -1.29257577566435 1.00000000000000
-206.57985975872725 1312.53853230411187 -1.27518589366680 1.00000000000000
-206.53108745894860 1312.36474451469257 -1.25706387460937 1.00000000000000
-206.47915041679516 1312.19210039358586 -1.23976115388638 1.00000000000000
-206.42579619691242 1312.01984418090433 -1.22375891237040 1.00000000000000
-206.37009994569235 1311.84945908654481 -1.20705530849661 1.00000000000000
-206.31215350783896 1311.68173298286274 -1.19005224766776 1.00000000000000
-206.25197984091938 1311.51691075880080 -1.17361661593654 1.00000000000000
-206.19031228567474 1311.35774698108435 -1.15783623401832 1.00000000000000
-206.12666762730805 1311.20141394948587 -1.14159944516048 1.00000000000000
-206.05913815036183 1311.04362585162744 -1.12548983217822 1.00000000000000
-205.99117467261385 1310.89112516073510 -1.10996223720795 1.00000000000000
-205.92055254743900 1310.73906276281923 -1.09467379767427 1.00000000000000
-205.84819584683282 1310.59094429435208 -1.07885605732267 1.00000000000000
-205.77422671497334 1310.44578755367547 -1.06380147618721 1.00000000000000
-205.69901998934802 1310.30334650212899 -1.04888759387789 1.00000000000000
-205.62247813586146 1310.16400407068431 -1.03384023501081 1.00000000000000
-205.54439800704131 1310.02763077383861 -1.01839151330508 1.00000000000000
-205.46510832477361 1309.89428769052029 -1.00331597885645 1.00000000000000
-205.38476172846276 1309.76390091003850 -0.98931705336930 1.00000000000000
-205.30354954622453 1309.63633182412013 -0.97461579344581 1.00000000000000
-205.22144384460989 1309.51166354538873 -0.96050818791789 1.00000000000000
-205.13921584619675 1309.38971946435049 -0.94694948441196 1.00000000000000
-205.05586048960686 1309.27089408738539 -0.93268561481410 1.00000000000000
-204.97124133817852 1309.15402987925336 -0.91924535130475 1.00000000000000
-204.88606948440429 1309.04000888392329 -0.90620962188287 1.00000000000000
-204.80053330952069 1308.92899616668001 -0.89244062927865 1.00000000000000
-204.71548445342341 1308.82128004170954 -0.87916846920380 1.00000000000000
-204.63005658728071 1308.71639877790585 -0.86578778320320 1.00000000000000
-204.54033798258752 1308.60998304467648 -0.85285658817353 1.00000000000000
-204.45471311209258 1308.51040904410183 -0.84016979653049 1.00000000000000
-204.36971496732440 1308.41443557152525 -0.82696577878484 1.00000000000000
-204.28204151021782 1308.31828601425514 -0.81452505146037 1.00000000000000
-204.19776147778612 1308.22826398257166 -0.80226358451106 1.00000000000000
-204.11300318141002 1308.14019002905115 -0.78976581484858 1.00000000000000
-204.02791919582523 1308.05379036627710 -0.77785239459247 1.00000000000000
-203.94396260671783 1307.97041622688994 -0.76614594238550 1.00000000000000
-203.85959358711261 1307.88902507023886 -0.75466837679923 1.00000000000000
-203.77561476960545 1307.80988086154684 -0.74330016970365 1.00000000000000
-203.69261516409460 1307.73292847396806 -0.73210129387479 1.00000000000000
-203.60993811185472 1307.65831374283880 -0.72088862554649 1.00000000000000
-203.52877914975397 1307.58656766312197 -0.70997894316293 1.00000000000000
-203.44809173047543 1307.51722684595734 -0.69956088000711 1.00000000000000
-203.36785896099173 1307.44931531324983 -0.68939251812840 1.00000000000000
-203.28883289522491 1307.38432564307004 -0.67869794947995 1.00000000000000
-203.17450836452190 1307.29287350876257 -0.66439957721043 1.00000000000000
-203.06015054206364 1307.20333495968953 -0.64927296247897 1.00000000000000
-202.95028323709266 1307.12086535012349 -0.63583288250248 1.00000000000000
-202.84076403011568 1307.03999700536951 -0.62215022647335 1.00000000000000
-202.73751307115890 1306.96644581202418 -0.60943717758876 1.00000000000000
-202.63456800830318 1306.89458489278331 -0.59716394687088 1.00000000000000
-202.53793347597821 1306.82987049128860 -0.58517671627923 1.00000000000000
-202.44218465383165 1306.76605003699660 -0.57424700374206 1.00000000000000
-202.35310407856014 1306.70905694644898 -0.56329392141563 1.00000000000000
-202.26469893322792 1306.65311837196350 -0.55310554721013 1.00000000000000
-202.15336360700894 1306.58542438177392 -0.53971465198407 1.00000000000000
-202.05005320109194 1306.52404899569228 -0.52754097726829 1.00000000000000
-201.95376533432864 1306.46843137079850 -0.51651357234786 1.00000000000000
-201.86477590084542 1306.41813112562522 -0.50612220174146 1.00000000000000
-201.76558762066998 1306.36411592969671 -0.49811056883674 1.00000000000000
