2024.21692910778802 1096.38489831611514 2.69915364412025 1.00000000000000
2024.31010944140144 1096.34396472247317 2.69577587888349 1.00000000000000
2024.40570551744895 1096.30016661668196 2.69139229657937 1.00000000000000
2024.50337177328765 1096.25230509415269 2.68521985237479 1.00000000000000
2024.59313334664330 1096.20819312706590 2.67799505929870 1.00000000000000
2024.68878522014711 1096.16027984023094 2.67051377335850 1.00000000000000
2024.79386693029664 1096.10685044946149 2.66192163642691 1.00000000000000
2024.90555626119021 1096.04850783199072 2.65143244927705 1.00000000000000
2024.99834202788770 1095.99960857769474 2.64327403497002 1.00000000000000
2025.12100671289954 1095.93289091670886 2.63003993334873 1.00000000000000
2025.21395013417350 1095.88060369528830 2.62077686175075 1.00000000000000
2025.31654911523219 1095.82305248407647 2.60905807570249 1.00000000000000
2025.41438181826379 1095.76531292637810 2.59734550066878 1.00000000000000
2025.51932807522826 1095.70461889216676 2.58668728319780 1.00000000000000
2025.61870218766853 1095.64375022798777 2.57501171012659 1.00000000000000
2025.72534028877271 1095.58079685410485 2.56404071116466 1.00000000000000
2025.82495117082726 1095.51748141553253 2.55210318369118 1.00000000000000
2025.92976195050869 1095.45332387601957 2.54043494898934 1.00000000000000
2026.02742085407954 1095.38844526652247 2.52774059555606 1.00000000000000
2026.13021832494996 1095.32442574342713 2.51737971570803 1.00000000000000
2026.22623863222543 1095.25873767724261 2.50463290264088 1.00000000000000
2026.32872346823569 1095.19375129695982 2.49519912115303 1.00000000000000
2026.42489204916637 1095.12581576593220 2.48255752602456 1.00000000000000
2026.52778430050239 1095.05834988923743 2.47310577650637 1.00000000000000
2026.62410650646780 1094.98694314202294 2.46032813603754 1.00000000000000
2026.72583859966835 1094.91685541253537 2.45015087174234 1.00000000000000
2026.82046849431936 1094.84323150385171 2.43781992660603 1.00000000000000
2026.92128728539683 1094.77017958136275 2.42688483376048 1.00000000000000
2027.01511643081903 1094.69339176733047 2.41394971188201 1.00000000000000
2027.11442045553122 1094.61714348522946 2.40235435164781 1.00000000000000
2027.20789993152721 1094.53652214631438 2.38970611559097 1.00000000000000
2027.30672413925640 1094.45543719548732 2.37837792870600 1.00000000000000
2027.39867527200840 1094.37051492650062 2.36486797852607 1.00000000000000
2027.49584444693755 1094.28471286548302 2.35431687251079 1.00000000000000
2027.58830222650431 1094.19485520012677 2.34146211901314 1.00000000000000
2027.68426921765786 1094.10384121909738 2.33212096386229 1.00000000000000
2027.77589030365925 1094.00903151324019 2.32063950156216 1.00000000000000
2027.87164661881980 1093.91204913286492 2.31171061996558 1.00000000000000
2027.96371205197647 1093.81168278027326 2.30202523312507 1.00000000000000
2028.05897870258195 1093.70829601492733 2.29290880211533 1.00000000000000
2028.15065643633716 1093.60305133275688 2.28381714852434 1.00000000000000
2028.24443913961295 1093.49355191364884 2.27470060464116 1.00000000000000
2028.33608977508266 1093.38261839048937 2.26523751736034 1.00000000000000
2028.42900755477604 1093.26689986605197 2.25538310506688 1.00000000000000
2028.52085739478935 1093.14920251257718 2.24546655397082 1.00000000000000
2028.58157931105234 1093.06903501972556 2.23852993182729 1.00000000000000
2028.64222064067144 1092.98769582342356 2.23359433639397 1.00000000000000
2028.70284193090629 1092.90522645879537 2.22830005373374 1.00000000000000
2028.76331479346845 1092.82154724886641 2.22292970736593 1.00000000000000
2028.82315984601155 1092.73720237892121 2.21934855059304 1.00000000000000
2028.88292229082435 1092.65180647699162 2.21694295727337 1.00000000000000
2028.94330331985839 1092.56450126040727 2.21430045713006 1.00000000000000
2029.00309755874332 1092.47665389114991 2.21171152789294 1.00000000000000
2029.06289855111390 1092.38787781959400 2.21104230272009 1.00000000000000
2029.12191205692943 1092.29861864773557 2.21037124302393 1.00000000000000
2029.18053162842989 1092.20903229899704 2.20909669348077 1.00000000000000
2029.23861321993172 1092.11926931189373 2.20921900598477 1.00000000000000
2029.29620433354285 1092.02908847061917 2.21004775763427 1.00000000000000
2029.35408947576070 1091.93802443193272 2.21048654424979 1.00000000000000
2029.41222468035994 1091.84619264444336 2.21166514822941 1.00000000000000
2029.47010436689015 1091.75408370001242 2.21455924787778 1.00000000000000
2029.52873609308153 1091.66104060132056 2.21687084754125 1.00000000000000
2029.58772548107663 1091.56714289356023 2.21935128157453 1.00000000000000
2029.64710700517753 1091.47227284125984 2.22400029802797 1.00000000000000
2029.70644653181080 1091.37760283704847 2.22862663102294 1.00000000000000
2029.76632487168536 1091.28199325082824 2.23344704392699 1.00000000000000
2029.82686951453798 1091.18569681607187 2.23874333219740 1.00000000000000
2029.88738968799589 1091.08945465739816 2.24348816096773 1.00000000000000
2029.94801424030447 1090.99328702874482 2.24843120614509 1.00000000000000
2030.00850736355642 1090.89706240547821 2.25408779724491 1.00000000000000
2030.06972140091239 1090.80043373163790 2.25952141623567 1.00000000000000
2030.13188949169125 1090.70318586053327 2.26526110275223 1.00000000000000
2030.19508520199452 1090.60521070566028 2.27166298112386 1.00000000000000
2030.25950018735602 1090.50687148328871 2.27788631391755 1.00000000000000
2030.32449224044103 1090.40810327790678 2.28400166888994 1.00000000000000
2030.39047583093634 1090.30907613085583 2.29093662119242 1.00000000000000
2030.45657236967236 1090.21013920195401 2.29820510176810 1.00000000000000
2030.52476554887835 1090.11027390044183 2.30572892172378 1.00000000000000
2030.59414210414980 1090.01027053268626 2.31379652187865 1.00000000000000
2030.66378792043542 1089.91055631218478 2.32216449971076 1.00000000000000
2030.73443806625437 1089.81172465067357 2.33081562795889 1.00000000000000
2030.80622089904500 1089.71257137600332 2.33990142258770 1.00000000000000
2030.87927255965769 1089.61315609933808 2.34910735749881 1.00000000000000
2030.95416698441841 1089.51427990337834 2.35879236614406 1.00000000000000
2031.03053890523734 1089.41539153130725 2.36802420558994 1.00000000000000
2031.10743792180438 1089.31716155353934 2.37828935228825 1.00000000000000
2031.18514221126679 1089.21992225665599 2.38923061495910 1.00000000000000
2031.26522416324588 1089.12307202024385 2.40055557485742 1.00000000000000
2031.34635212423746 1089.02726192167029 2.41218919201019 1.00000000000000
2031.42836995626567 1088.93260146258399 2.42419107711051 1.00000000000000
2031.51139574818080 1088.83904798515141 2.43710896706322 1.00000000000000
2031.59486920281779 1088.74738121358678 2.45060058999526 1.00000000000000
2031.67973101325333 1088.65742230787873 2.46373288407708 1.00000000000000
2031.76483889552765 1088.56896215537563 2.47713087091583 1.00000000000000
2031.85127886990085 1088.48181397886947 2.49103075331443 1.00000000000000
2031.93820045382017 1088.39701473340392 2.50530439998180 1.00000000000000
2032.02547442913055 1088.31408081576228 2.51988660510990 1.00000000000000
2032.11335264920490 1088.23335685348138 2.53479214393101 1.00000000000000
2032.20118276431458 1088.15451040863991 2.54912195476462 1.00000000000000
2032.28956974693574 1088.07787508238107 2.56449520726078 1.00000000000000
2032.37800311791943 1088.00305661931634 2.57963422987307 1.00000000000000
2032.46696145617170 1087.93077986454591 2.59423690625982 1.00000000000000
2032.55611911683809 1087.86039115767926 2.60948315131332 1.00000000000000
2032.64531417359831 1087.79188563488424 2.62467409073141 1.00000000000000
2032.73604617652018 1087.72568939952180 2.63930910627571 1.00000000000000
2032.82673035631888 1087.66135771013796 2.65423508102066 1.00000000000000
2032.91862130200025 1087.59840840334073 2.66874845842150 1.00000000000000
2033.00984648044687 1087.53823157539591 2.68284668041058 1.00000000000000
2033.10115250188392 1087.47990333987400 2.69757086011197 1.00000000000000
2033.19256280711852 1087.42374727223068 2.71208259882059 1.00000000000000
2033.28381859173533 1087.36965206963941 2.72658212288996 1.00000000000000
2033.37548280018382 1087.31799844326451 2.74117545611721 1.00000000000000
2033.46800204005558 1087.26741036260501 2.75549467558118 1.00000000000000
2033.56031042709947 1087.21949756424874 2.77005159473984 1.00000000000000
2033.65367110661464 1087.17301881080493 2.78446376326897 1.00000000000000
2033.74689899838995 1087.12869736459106 2.79882217064451 1.00000000000000
2033.83942841523094 1087.08641055505723 2.81239415404492 1.00000000000000
2033.93244202627102 1087.04546830477193 2.82553260346919 1.00000000000000
2034.02560162858572 1087.00710075208917 2.83842447909062 1.00000000000000
2034.16108939424157 1086.94976171804592 2.85475743316146 1.00000000000000
2034.30223675013985 1086.90131463157013 2.87435422773888 1.00000000000000
2034.43754594831262 1086.85207329504192 2.89072452320379 1.00000000000000
2034.57793594431132 1086.81071304483339 2.91070535123688 1.00000000000000
2034.71299203834496 1086.76888888841495 2.92853243300112 1.00000000000000
2034.85307401046157 1086.73358714999631 2.94788635514123 1.00000000000000
2034.98942738329060 1086.69914798950776 2.96636510287994 1.00000000000000
2035.13114959845552 1086.67020988883451 2.98639683377799 1.00000000000000
2035.26980192807969 1086.64295293483883 3.00591638085134 1.00000000000000
2035.41545989410952 1086.62037005368620 3.02534575911262 1.00000000000000
2035.55857964232564 1086.59975372254848 3.04293546446714 1.00000000000000
2035.70605252636597 1086.58338716300204 3.06017709644287 1.00000000000000
2035.85041990631726 1086.56961936596781 3.07714154600624 1.00000000000000
2035.99957036768319 1086.55909173842520 3.09271889212550 1.00000000000000
2036.14645381364971 1086.55054218275473 3.10710076906386 1.00000000000000
2036.29651079431642 1086.54469507560134 3.11998917630475 1.00000000000000
2036.39700541924685 1086.54274210520089 3.12825318096879 1.00000000000000
2036.49864952941425 1086.54193686787039 3.13690346439262 1.00000000000000
2036.60158789873822 1086.54234203975648 -3.13880407210830 1.00000000000000
2036.70439525257098 1086.54404921364039 -3.13159369799336 1.00000000000000
2036.80867705645505 1086.54734558472410 -3.12448444385373 1.00000000000000
2036.91400446742773 1086.55135219078511 -3.11844806623577 1.00000000000000
2037.02014437282924 1086.55646797548980 -3.11315281580255 1.00000000000000
2037.12648790748790 1086.56274231988937 -3.10732809360522 1.00000000000000
2037.23387155635282 1086.56962250638753 -3.10283695279530 1.00000000000000
2037.34118994302116 1086.57768829120323 -3.09797029345940 1.00000000000000
2037.44970872852718 1086.58648221706972 -3.09252028241961 1.00000000000000
2037.55926283105509 1086.59688685229048 -3.08775800025896 1.00000000000000
2037.66871831147000 1086.60759205697104 -3.08343530580251 1.00000000000000
2037.77919948392082 1086.61907136067748 -3.07837009396731 1.00000000000000
2037.89061671996024 1086.63103510253131 -3.07366010077178 1.00000000000000
2038.00194587296573 1086.64403759874403 -3.06960475482496 1.00000000000000
2038.11437688698061 1086.65784559398890 -3.06470966474406 1.00000000000000
2038.22774785052752 1086.67223471868783 -3.06023392631887 1.00000000000000
2038.34306673589163 1086.68756514461711 -3.05707809032153 1.00000000000000
2038.45922598289326 1086.70341684855521 -3.05387456910372 1.00000000000000
2038.57647229603026 1086.71994069404900 -3.05112960789192 1.00000000000000
2038.69475482153939 1086.73705790052190 -3.04837733792802 1.00000000000000
2038.81406813341891 1086.75465619238093 -3.04608986575633 1.00000000000000
2038.93551521014888 1086.77296919003129 -3.04418406733373 1.00000000000000
2039.05868076358456 1086.79155170079321 -3.04320227938780 1.00000000000000
2039.18277526006568 1086.81064449716359 -3.04225485788657 1.00000000000000
2039.30902988929302 1086.82969271764159 -3.04231681810851 1.00000000000000
2039.43602579226717 1086.84925089823082 -3.04160754390639 1.00000000000000
2039.56313290155958 1086.86855263402686 -3.04235884178443 1.00000000000000
2039.69224565336481 1086.88845289917663 -3.04487298945535 1.00000000000000
2039.82219798344886 1086.90860561933368 -3.04763961405704 1.00000000000000
2039.95315238204785 1086.92788082268089 -3.05141624294407 1.00000000000000
2040.08535238710465 1086.94715997902676 -3.05632358555445 1.00000000000000
2040.21970565133961 1086.96612920193002 -3.06232203872092 1.00000000000000
2040.35495935194194 1086.98450151411816 -3.06850422465235 1.00000000000000
2040.49135594262043 1087.00241098878905 -3.07542089715950 1.00000000000000
2040.62880778405815 1087.01960296463221 -3.08460434725848 1.00000000000000
2040.76591645064764 1087.03528713155538 -3.09408035904769 1.00000000000000
2040.90442101599183 1087.04972057370469 -3.10499684631440 1.00000000000000
2041.04547346971231 1087.06245162989944 -3.11745622909566 1.00000000000000
2041.18569073785329 1087.07394978124648 -3.13087062179649 1.00000000000000
2041.32634035940282 1087.08456958504394 3.13799702991711 1.00000000000000
2041.46694672165904 1087.09273738833144 3.12227147425282 1.00000000000000
2041.60849927214440 1087.09878413053229 3.10577195991611 1.00000000000000
2041.75004588521551 1087.10312344739214 3.08868959125425 1.00000000000000
2041.89168365707155 1087.10573496017605 3.07094565077237 1.00000000000000
2042.03240408358397 1087.10712825506926 3.05331521722187 1.00000000000000
2042.17441857839003 1087.10549635114148 3.03473433246217 1.00000000000000
2042.31626960064750 1087.10174803249538 3.01559981233724 1.00000000000000
2042.45774179563159 1087.09567204676569 2.99630468664210 1.00000000000000
2042.59746987512335 1087.08714732062072 2.97631199325835 1.00000000000000
2042.73733550042380 1087.07565230224282 2.95568776546644 1.00000000000000
2042.87614200881217 1087.06166548701003 2.93462381316160 1.00000000000000
2043.01359935069922 1087.04481153422967 2.91333850404391 1.00000000000000
2043.14849930501077 1087.02646544994786 2.89223600424656 1.00000000000000
2043.28289371437859 1087.00483953626826 2.87065308901757 1.00000000000000
2043.41552395292092 1086.98072486324236 2.84881358543472 1.00000000000000
2043.54609377530869 1086.95342003507540 2.82631334236088 1.00000000000000
2043.67388988507446 1086.92400509910658 2.80379978194686 1.00000000000000
2043.80006256385241 1086.89173307223246 2.78120136176345 1.00000000000000
2043.92390237143263 1086.85712745925412 2.75772770357428 1.00000000000000
2044.04591404274106 1086.81964679481462 2.73350247192582 1.00000000000000
2044.16493198799435 1086.77986595034599 2.70972466825668 1.00000000000000
2044.28142297733575 1086.73682109732181 2.68546041205337 1.00000000000000
2044.39483926969115 1086.69242841051891 2.66155193730062 1.00000000000000
2044.50537959655048 1086.64605611795560 2.63853761296353 1.00000000000000
2044.61346080806106 1086.59794845758006 2.61555336111713 1.00000000000000
2044.71859674761072 1086.54770179372281 2.59212922904804 1.00000000000000
2044.82025331736077 1086.49575565755367 2.56901284449142 1.00000000000000
2044.91909886524081 1086.44247518293560 2.54652884750005 1.00000000000000
2045.01506271283142 1086.38732751272619 2.52357282926096 1.00000000000000
2045.10812660097145 1086.33106084447354 2.50116206998656 1.00000000000000
2045.19815404771362 1086.27371814288199 2.47944876637513 1.00000000000000
2045.28504939022241 1086.21543388115242 2.45733191825916 1.00000000000000
2045.36947764013894 1086.15504738083109 2.43491020956935 1.00000000000000
2045.45141468511429 1086.09336571721360 2.41260578507199 1.00000000000000
2045.53083100821823 1086.02989100525156 2.38991770582373 1.00000000000000
2045.60875091748312 1085.96458329539746 2.36755338608832 1.00000000000000
2045.68392600869993 1085.89770299522206 2.34522628040004 1.00000000000000
2045.75743898551445 1085.82884495519102 2.32269404186694 1.00000000000000
2045.86275367264170 1085.72796394862235 2.28920691735140 1.00000000000000
2045.96417744585779 1085.61343194823712 2.25541557970989 1.00000000000000
2046.06029734259937 1085.50546264322475 2.22317958799907 1.00000000000000
2046.15268251264933 1085.38529555918649 2.19143391171963 1.00000000000000
2046.23972839489579 1085.27021196065471 2.16091879387905 1.00000000000000
2046.32272238563746 1085.14505748543888 2.13078046459470 1.00000000000000
2046.39972932473756 1085.02549103414640 2.10268587409744 1.00000000000000
2046.47378804621985 1084.89611305296421 2.07403453146355 1.00000000000000
2046.54182151536224 1084.76957626733929 2.04522949828310 1.00000000000000
2046.60754447442014 1084.63349740719423 2.01611957176009 1.00000000000000
2046.66615080588963 1084.50047999387607 1.98570648550022 1.00000000000000
2046.72274051315617 1084.36008002096787 1.95636676620435 1.00000000000000
2046.75708467990626 1084.26584650669247 1.93576262208683 1.00000000000000
2046.78917340835324 1084.17084997752681 1.91513289517132 1.00000000000000
2046.81900769053027 1084.07476154901087 1.89413542721748 1.00000000000000
2046.84651801572181 1083.97798416763544 1.87322480775854 1.00000000000000
2046.87185481819324 1083.88042463781312 1.85344746835132 1.00000000000000
2046.89557342871558 1083.78159751370549 1.83478352162033 1.00000000000000
2046.91714606748428 1083.68207529885694 1.81693346139033 1.00000000000000
2046.93708532303572 1083.58238585153595 1.80116910609522 1.00000000000000
2046.95496876252582 1083.48201512452215 1.78660868441846 1.00000000000000
2046.97101626824588 1083.38107599178329 1.77328204930739 1.00000000000000
2046.98539976601023 1083.27977433800697 1.76158714559990 1.00000000000000
2046.99838088679826 1083.17822899809107 1.75156297889857 1.00000000000000
2047.01002254767809 1083.07534165494144 1.74218926750368 1.00000000000000
2047.02024486905430 1082.97231824975461 1.73399292329203 1.00000000000000
2047.02908310561907 1082.86897917464375 1.72674791872127 1.00000000000000
2047.03646072401898 1082.76529232645407 1.71991243180146 1.00000000000000
2047.04306011286099 1082.66029659705237 1.71383888481753 1.00000000000000
2047.04860739345895 1082.55517859151587 1.70858787358157 1.00000000000000
2047.05308610992506 1082.44881033943966 1.70333095519108 1.00000000000000
2047.05676856124774 1082.34152126638219 1.69857514606539 1.00000000000000
2047.05920854862779 1082.23390795895830 1.69458134086919 1.00000000000000
2047.06077462248504 1082.12615309748799 1.69093619661290 1.00000000000000
2047.06144768727245 1082.01730479160324 1.68738924517693 1.00000000000000
2047.06158207787666 1081.90848406543955 1.68388045130049 1.00000000000000
2047.06067781546153 1081.79932392016053 1.68011337436902 1.00000000000000
2047.05903469439363 1081.68925382941961 1.67643645552633 1.00000000000000
2047.05659482651390 1081.57898926548660 1.67251902413754 1.00000000000000
2047.05346693837782 1081.46757287485525 1.66868102598981 1.00000000000000
2047.04976558045018 1081.35522233974189 1.66519344970650 1.00000000000000
2047.04529679642292 1081.24278475623578 1.66201020648735 1.00000000000000
2047.04070850502467 1081.12953759217635 1.65934063844423 1.00000000000000
2047.03573232877534 1081.01628969144076 1.65705933952763 1.00000000000000
2047.03022513468750 1080.90293232770637 1.65478531893641 1.00000000000000
2047.02457644569222 1080.78857517801225 1.65296757351706 1.00000000000000
2047.01874802703969 1080.67312876833603 1.65252452861318 1.00000000000000
2047.01307897764491 1080.55770620796829 1.65267964222884 1.00000000000000
2047.00742210273165 1080.44230401888490 1.65339895865938 1.00000000000000
2047.00192821701057 1080.32697026012465 1.65501025115516 1.00000000000000
2046.99637118948158 1080.21061991108581 1.65764873216347 1.00000000000000
2046.99112582422094 1080.09420870989561 1.66091160295583 1.00000000000000
2046.98619087052066 1079.97686187690124 1.66513151428171 1.00000000000000
2046.98199549020501 1079.85878963861614 1.67097378566651 1.00000000000000
2046.97851167514455 1079.74070239067078 1.67816617609735 1.00000000000000
2046.97604943776969 1079.62164467573166 1.68704136710956 1.00000000000000
2046.97472266509430 1079.50288584968075 1.69737501571304 1.00000000000000
2046.97436151409056 1079.38296413142234 1.70851521771263 1.00000000000000
2046.97561669501010 1079.26247432595119 1.72110088160553 1.00000000000000
2046.97814743837807 1079.14220129977912 1.73506229741807 1.00000000000000
2046.98186451836955 1079.02205094695091 1.74923034118100 1.00000000000000
2046.98740122863092 1078.90120302699506 1.76405062435724 1.00000000000000
2046.99450677388813 1078.78074704762548 1.77994321107588 1.00000000000000
2047.00316088239197 1078.66053273342550 1.79560521489293 1.00000000000000
2047.01355351076927 1078.54069661442190 1.81179392104778 1.00000000000000
2047.02565666363807 1078.42112181661651 1.82904758997488 1.00000000000000
2047.03991148213390 1078.30215437104926 1.84672299488633 1.00000000000000
2047.05626234295778 1078.18259576754645 1.86365406236213 1.00000000000000
2047.07459840661613 1078.06361078144982 1.88168469153581 1.00000000000000
2047.09461651602760 1077.94607458589599 1.90034708819586 1.00000000000000
2047.11681656574365 1077.82907674647868 1.91926925510977 1.00000000000000
2047.14146303851157 1077.71259526116773 1.93920776855975 1.00000000000000
2047.16810266580433 1077.59716828074306 1.95954417215025 1.00000000000000
2047.19722983695101 1077.48229594947770 1.98000571773522 1.00000000000000
2047.22812512237579 1077.36926481360570 2.00001124236030 1.00000000000000
2047.26073720317800 1077.25715794134885 2.02111256951441 1.00000000000000
2047.29515707248356 1077.14753479184583 2.04261025288459 1.00000000000000
2047.33212559868116 1077.03901016246527 2.06318276773131 1.00000000000000
2047.37162103678565 1076.93143768049777 2.08474722285744 1.00000000000000
2047.41355601453688 1076.82492800382897 2.10647069937637 1.00000000000000
2047.45798092999030 1076.71962935989723 2.12730928189266 1.00000000000000
2047.50464791036211 1076.61572470748797 2.14897301251722 1.00000000000000
2047.55340470984811 1076.51381607167423 2.17081207188146 1.00000000000000
2047.60406725801295 1076.41407244978473 2.19205239886577 1.00000000000000
2047.65696697519161 1076.31569326901808 2.21313192894831 1.00000000000000
2047.71240605146158 1076.21872794115916 2.23503742009111 1.00000000000000
2047.76993019063957 1076.12413008278236 2.25703112491829 1.00000000000000
2047.82995392009616 1076.03106513712555 2.27842631435656 1.00000000000000
2047.89207194035407 1075.93951460765675 2.29971491454056 1.00000000000000
2047.95651960000396 1075.84952035034075 2.31888462845130 1.00000000000000
2048.02235816302709 1075.76173238130286 2.33657257626085 1.00000000000000
2048.09004496614216 1075.67533433809876 2.35419476943871 1.00000000000000
2048.15937155892607 1075.59127057110891 2.37074346846722 1.00000000000000
2048.23078799573705 1075.50870899530128 2.38630439522921 1.00000000000000
2048.30424364813371 1075.42771019274369 2.40151461015861 1.00000000000000
2048.37968926748727 1075.34807655494660 2.41585419299032 1.00000000000000
2048.45776634279173 1075.26937547465786 2.42883986137325 1.00000000000000
2048.53769361303421 1075.19211490126327 2.44018716085402 1.00000000000000
2048.61908331420273 1075.11605008598417 2.45199934455805 1.00000000000000
2048.70298241882119 1075.04096942348406 2.46377867699375 1.00000000000000
2048.78966479690280 1074.96674291091040 2.47506337380979 1.00000000000000
2048.87957146967528 1074.89279798604548 2.48695564615455 1.00000000000000
2048.97252795146778 1074.81925308192149 2.49926233404603 1.00000000000000
2049.06877528643236 1074.74615067010745 2.51108901882013 1.00000000000000
2049.16813771764282 1074.67352799186483 2.52292314540951 1.00000000000000
2049.27040014968952 1074.60078706499189 2.53466742270498 1.00000000000000
2049.37595334701473 1074.52884094975889 2.54654189874301 1.00000000000000
2049.48493845382473 1074.45771779958159 2.55853539865532 1.00000000000000
2049.59787306742510 1074.38661554874852 2.57060682269929 1.00000000000000
2049.71393643884221 1074.31657455628738 2.58238703242839 1.00000000000000
2049.83281178062316 1074.24697059718892 2.59425442485489 1.00000000000000
2049.95341585029382 1074.17887814901769 2.60629519153209 1.00000000000000
2050.07675890100654 1074.11226106015965 2.61873035625910 1.00000000000000
2050.20198942371644 1074.04695746442303 2.63116746612272 1.00000000000000
2050.32996642263606 1073.98232918512076 2.64467355154634 1.00000000000000
2050.46004367491696 1073.91938876686618 2.65968746898857 1.00000000000000
2050.59306878643110 1073.85753323417157 2.67537691287697 1.00000000000000
2050.72828390728682 1073.79770753486082 2.69172996174616 1.00000000000000
2050.86596005456522 1073.73873558640480 2.70801068481312 1.00000000000000
2051.00572443020064 1073.68179174279794 2.72398316195004 1.00000000000000
2051.14793102379190 1073.62586548738182 2.73913013702929 1.00000000000000
2051.29211368644610 1073.57172612752765 2.75458264084254 1.00000000000000
2051.43781591020525 1073.51918655401096 2.76990424953676 1.00000000000000
2051.58538046450121 1073.46851728530601 2.78567932133259 1.00000000000000
2051.73465617973125 1073.41951903887093 2.80059821813357 1.00000000000000
2051.88514558936004 1073.37156128045171 2.81463854629192 1.00000000000000
2052.03709171718219 1073.32515139272436 2.82854821147666 1.00000000000000
2052.18959110951982 1073.28020580997691 2.84158365263511 1.00000000000000
2052.34356256033061 1073.23677665041760 2.85377443031896 1.00000000000000
2052.49898192111868 1073.19506204640493 2.86598898897380 1.00000000000000
2052.65498235099949 1073.15481963893399 2.87694055278913 1.00000000000000
2052.81103380536661 1073.11616068659350 2.88633470024653 1.00000000000000
2052.96857855643611 1073.07828922476619 2.89389394211263 1.00000000000000
2053.12622493493836 1073.04152244329453 2.90006112543977 1.00000000000000
2053.28326076496160 1073.00594920152798 2.90417786302864 1.00000000000000
2053.44035803270526 1072.97087828861549 2.90752749144608 1.00000000000000
2053.59691876015859 1072.93673847103491 2.90987779506148 1.00000000000000
2053.75364023551811 1072.90288765449077 2.91037950565212 1.00000000000000
2053.90923552447930 1072.86995967198163 2.91027573111344 1.00000000000000
2054.06490126100834 1072.83710825117305 2.90992173727859 1.00000000000000
2054.21985549258534 1072.80512255104259 2.90905475284792 1.00000000000000
2054.37398778961506 1072.77353764045984 2.90793693378524 1.00000000000000
2054.52686874341452 1072.74222071003169 2.90659991311096 1.00000000000000
2054.67894008383155 1072.71145559009165 2.90438022433110 1.00000000000000
2054.82990994403372 1072.68085341947153 2.90118351069375 1.00000000000000
2054.97879448888125 1072.65005039051175 2.89756458364921 1.00000000000000
2055.12774393474683 1072.61938997730613 2.89252284316701 1.00000000000000
2055.27537162369117 1072.58821354992688 2.88648018635906 1.00000000000000
2055.42178062477615 1072.55657315719873 2.87881023337529 1.00000000000000
2055.56590451550437 1072.52452290989459 2.87073598919423 1.00000000000000
2055.70887858100468 1072.49205195391551 2.86211689341615 1.00000000000000
2055.84928558045067 1072.45862355921417 2.85283439932293 1.00000000000000
2055.98866128933150 1072.42481526220217 2.84273766724012 1.00000000000000
2056.12553608906455 1072.39073064690456 2.83273290573591 1.00000000000000
2056.26105587073835 1072.35530862817541 2.82223568280634 1.00000000000000
2056.39428155584028 1072.31915261549875 2.81044131566691 1.00000000000000
2056.52511698228773 1072.28262541349977 2.79867882361574 1.00000000000000
2056.65458029921865 1072.24479521578178 2.78779729702106 1.00000000000000
2056.78152818972012 1072.20665161125362 2.77607724749916 1.00000000000000
2056.90619017544668 1072.16773985791951 2.76425510529349 1.00000000000000
2057.02826635359088 1072.12805209588259 2.75244773328678 1.00000000000000
2057.14790497557260 1072.08768143225461 2.73978591287466 1.00000000000000
2057.26498604484368 1072.04660356603563 2.72631842467595 1.00000000000000
2057.37970335676800 1072.00460493052378 2.71315528145393 1.00000000000000
2057.49284315097611 1071.96174745354801 2.69985488137520 1.00000000000000
2057.60441901534796 1071.91797759477049 2.68556175175322 1.00000000000000
2057.71345768193714 1071.87319166120142 2.67099298216501 1.00000000000000
2057.82079822703963 1071.82756576500833 2.65735884061743 1.00000000000000
2057.92649556329707 1071.78072083881125 2.64345596733140 1.00000000000000
2058.02977895271033 1071.73332887794822 2.62928907114855 1.00000000000000
2058.13129292294616 1071.68486218387261 2.61574774376214 1.00000000000000
2058.23104999621864 1071.63542906800285 2.60227234247771 1.00000000000000
2058.32914547133259 1071.58477437682450 2.58848274827659 1.00000000000000
2058.42461815325078 1071.53378610312939 2.57500953965676 1.00000000000000
2058.51749367080629 1071.48245608294383 2.56152077957945 1.00000000000000
2058.60859527625144 1071.43029090389609 2.54796909904844 1.00000000000000
2058.69743846904021 1071.37828359799460 2.53479641517715 1.00000000000000
2058.78462802048307 1071.32545986911282 2.52140019208698 1.00000000000000
2058.87010272080079 1071.27166289882734 2.50760772286892 1.00000000000000
2058.99469480547123 1071.19474739674479 2.48915042966708 1.00000000000000
2059.11460554029327 1071.10772249894217 2.46778441742482 1.00000000000000
2059.23029899102403 1071.02852506237105 2.44914763660050 1.00000000000000
2059.34159478545189 1070.94030018616468 2.42883793784667 1.00000000000000
2059.44795731100021 1070.86031649261713 2.41058378573421 1.00000000000000
2059.55076450941851 1070.77169201243669 2.39094297212453 1.00000000000000
2059.64913002803223 1070.69059991789982 2.37256167813027 1.00000000000000
2059.74431706906762 1070.60163452103734 2.35345058695096 1.00000000000000
2059.83519377163611 1070.51975377369672 2.33555190520126 1.00000000000000
2059.92290880286600 1070.43029003310949 2.31624883947094 1.00000000000000
2060.00674920092570 1070.34669318981469 2.29747856623450 1.00000000000000
2060.08871251775417 1070.25573254609481 2.27816587738163 1.00000000000000
2060.16785830259323 1070.16963503276929 2.26034921909641 1.00000000000000
2060.24520082154777 1070.07666800264269 2.24147110486027 1.00000000000000
2060.31918627023697 1069.98767596390098 2.22421894734881 1.00000000000000
2060.39238183962880 1069.89179017255083 2.20906121685624 1.00000000000000
2060.46172685804777 1069.80082064541057 2.19634197794794 1.00000000000000
2060.53115129645448 1069.70378484250978 2.18638778571452 1.00000000000000
2060.59629820939153 1069.61115808226168 2.17941564018580 1.00000000000000
2060.66323820385151 1069.51235717535019 2.17453765866717 1.00000000000000
2060.72801919316407 1069.41325385961682 2.17109055234948 1.00000000000000
2060.79545358923497 1069.30904957512394 2.16900768304654 1.00000000000000
2060.85908713552635 1069.20410545123741 2.16706504751212 1.00000000000000
2060.92751851887442 1069.09489686554298 2.16620134662992 1.00000000000000
2060.99122009670828 1068.98330296296626 2.16102742187977 1.00000000000000
2061.06167397397803 1068.86636115843430 2.15983908524231 1.00000000000000
2061.12788311752956 1068.74284711945802 2.15418208004150 1.00000000000000
2061.20249266951578 1068.61421249480918 2.15152143121175 1.00000000000000
2061.25120330072241 1068.52401356305927 2.14906083545187 1.00000000000000
2061.30116974143311 1068.43110202904791 2.14481426054952 1.00000000000000
2061.35217990621459 1068.33499416150153 2.14170461932973 1.00000000000000
2061.40488413994899 1068.23528318293393 2.14010768707129 1.00000000000000
2061.45833920012228 1068.13346221018583 2.13712583807358 1.00000000000000
2061.51236905000405 1068.02993298694491 2.13332150797334 1.00000000000000
2061.56670997815672 1067.92416248843074 2.13043311473592 1.00000000000000
2061.62113179394510 1067.81698709120974 2.12728252503772 1.00000000000000
2061.67703665059526 1067.70704321889207 2.12419954096700 1.00000000000000
2061.73401049611857 1067.59430131083354 2.12058780961019 1.00000000000000
2061.79167337331455 1067.47845409577712 2.11804804028825 1.00000000000000
2061.85068341565784 1067.35884475661442 2.11431887507452 1.00000000000000
2061.91024289675988 1067.23615842498839 2.10949681681588 1.00000000000000
2061.97023696842371 1067.11160993622616 2.10689035912695 1.00000000000000
2062.03022713225801 1066.98585334792733 2.10410102153313 1.00000000000000
2062.09076695161639 1066.85942793404683 2.09903083360402 1.00000000000000
2062.15070983010810 1066.73231992358342 2.09583407243690 1.00000000000000
2062.21021815005224 1066.60634257271886 2.09334479795326 1.00000000000000
2062.26909602945670 1066.48100398201495 2.08934160801034 1.00000000000000
2062.32791495230049 1066.35571596724913 2.08639582392195 1.00000000000000
2062.38614512281492 1066.23159643774852 2.08455215081500 1.00000000000000
2062.44312090420863 1066.10915554873645 2.08081142014352 1.00000000000000
2062.49889082141453 1065.98848708253354 2.07795125879812 1.00000000000000
2062.55372024601093 1065.86946045048535 2.07652742945118 1.00000000000000
2062.60788503463846 1065.75264534633607 2.07423608863294 1.00000000000000
2062.66072721255478 1065.63773253094405 2.07129327561349 1.00000000000000
2062.71015742316376 1065.52858674433082 2.07012949398933 1.00000000000000
2062.75997227896005 1065.41929042618722 2.06829170985759 1.00000000000000
2062.81030357454438 1065.30855203233659 2.06550473955695 1.00000000000000
2062.85906065750169 1065.20118105039001 2.06407217244383 1.00000000000000
2062.90739326080075 1065.09477633750066 2.06303980125281 1.00000000000000
2062.95519192586653 1064.99040683405474 2.06080271308829 1.00000000000000
2063.00181430234807 1064.88822522200644 2.05961163418101 1.00000000000000
2063.04720807529520 1064.78824350517243 2.05894452496918 1.00000000000000
2063.09175629483070 1064.69017013674602 2.05736533230930 1.00000000000000
2063.13552356220316 1064.59398054657504 2.05517387129858 1.00000000000000
2063.17795908276457 1064.50049195671454 2.05427268005342 1.00000000000000
2063.23787885165075 1064.36474046483636 2.05244287282201 1.00000000000000
2063.30072207289049 1064.23220172198489 2.05119298664732 1.00000000000000
2063.35745928762481 1064.10443354723975 2.04970939628733 1.00000000000000
2063.41581037861761 1063.98102224525064 2.04888314414964 1.00000000000000
2063.46771858993452 1063.86566329980269 2.04751817326236 1.00000000000000
2063.51924029621296 1063.75840196292847 2.04820233864153 1.00000000000000
2063.56251148285810 1063.66319589270279 2.04710453294553 1.00000000000000
2063.61481238284614 1063.55034571513534 2.04639610984214 1.00000000000000
2063.65900716208853 1063.45449757995084 2.04624428096602 1.00000000000000
2063.70324271736899 1063.36003451747820 2.04556157619707 1.00000000000000
