2024.79910635109991 1096.37727891607210 2.80345505801754 1.00000000000000
2024.90692817920353 1096.34014615043998 2.80127512447588 1.00000000000000
2025.02719499234809 1096.29740299051628 2.79797663261627 1.00000000000000
2025.14339521760121 1096.25477950554341 2.79357263985025 1.00000000000000
2025.24020230502356 1096.21847730642185 2.78925563369060 1.00000000000000
2025.35353580384981 1096.17555727064610 2.78400231992714 1.00000000000000
2025.47232488146983 1096.12953733699396 2.77872223695375 1.00000000000000
2025.60722114855889 1096.07633049041033 2.77338244501506 1.00000000000000
2025.75221560103819 1096.01872337609529 2.76881368576938 1.00000000000000
2025.89536567154573 1095.96055022114888 2.76247539866675 1.00000000000000
2025.99593751778593 1095.91925243800506 2.75850197689765 1.00000000000000
2026.09812198614236 1095.87694846000522 2.75430031711462 1.00000000000000
2026.20222418289632 1095.83349343482405 2.74984456262744 1.00000000000000
2026.30661906953901 1095.78942225547507 2.74504661134287 1.00000000000000
2026.41099079884589 1095.74528280040249 2.73986033604893 1.00000000000000
2026.51489497593138 1095.70075394539163 2.73350458952023 1.00000000000000
2026.61842756753322 1095.65581707516685 2.72634998850366 1.00000000000000
2026.72151631501038 1095.61047626426443 2.71884296760168 1.00000000000000
2026.82437004829990 1095.56473506940529 2.71178585534572 1.00000000000000
2026.92644236644264 1095.51829046057537 2.70310092772551 1.00000000000000
2027.02850832743570 1095.47196770086884 2.69452204669312 1.00000000000000
2027.13011377048679 1095.42487195413560 2.68617047813994 1.00000000000000
2027.23118564562174 1095.37732757069170 2.67764422155397 1.00000000000000
2027.33196722075809 1095.32963908836246 2.66925715645824 1.00000000000000
2027.43227729143109 1095.28120163455606 2.66169267458603 1.00000000000000
2027.53222907055169 1095.23246232280508 2.65390741249471 1.00000000000000
2027.63172155967914 1095.18297990923747 2.64566825835661 1.00000000000000
2027.73051091458183 1095.13279363838956 2.63767522368529 1.00000000000000
2027.82895515026757 1095.08196103386581 2.62923662219674 1.00000000000000
2027.92669321922585 1095.03059251792729 2.62116080315059 1.00000000000000
2028.02409662341233 1094.97872425708920 2.61309692228907 1.00000000000000
2028.12086292344611 1094.92593862116337 2.60492662198457 1.00000000000000
2028.21691722050309 1094.87226867536083 2.59689427662590 1.00000000000000
2028.31267477874644 1094.81805056892335 2.58946412336477 1.00000000000000
2028.40762264898513 1094.76293689152226 2.58166591342739 1.00000000000000
2028.50223161582835 1094.70744539611042 2.57447933952650 1.00000000000000
2028.59625253384002 1094.65085898013785 2.56767874405041 1.00000000000000
2028.68952017801348 1094.59358058776706 2.56053443046823 1.00000000000000
2028.78254122857470 1094.53573456034064 2.55446140758479 1.00000000000000
2028.87459435861092 1094.47715063020587 2.54833480177699 1.00000000000000
2028.96616721840110 1094.41768692014739 2.54211380050147 1.00000000000000
2029.05701465409948 1094.35738211730495 2.53676081266693 1.00000000000000
2029.14758674032055 1094.29676767578349 2.53200816127559 1.00000000000000
2029.23811769182794 1094.23448077868670 2.52749248159366 1.00000000000000
2029.32817125821020 1094.17192936921492 2.52390456827794 1.00000000000000
2029.41761016950477 1094.10860306583345 2.52050427270677 1.00000000000000
2029.50661579042207 1094.04481565300375 2.51712940321086 1.00000000000000
2029.59579270565882 1093.97965885233134 2.51379211144866 1.00000000000000
2029.68454704753822 1093.91418251302093 2.51062632748629 1.00000000000000
2029.77276747417636 1093.84807356353849 2.50777049093973 1.00000000000000
2029.86044690298149 1093.78128597605973 2.50552629401226 1.00000000000000
2029.94852481014095 1093.71352513507009 2.50348543108702 1.00000000000000
2030.03620674798731 1093.64529516687617 2.50184817161285 1.00000000000000
2030.12430169270374 1093.57593719381839 2.50108662496923 1.00000000000000
2030.21188717952464 1093.50671011907980 2.50122629730006 1.00000000000000
2030.29921026108786 1093.43700994411483 2.50286746645530 1.00000000000000
2030.38622589875013 1093.36710253357887 2.50464328861446 1.00000000000000
2030.47324622492306 1093.29742424469441 2.50733019324779 1.00000000000000
2030.55990862729959 1093.22734826384112 2.51125169757630 1.00000000000000
2030.64757493603975 1093.15692728338763 2.51590287585116 1.00000000000000
2030.73490638047224 1093.08643095986918 2.52089537875639 1.00000000000000
2030.82218503451440 1093.01608772482723 2.52715670546734 1.00000000000000
2030.90937832708005 1092.94598002312705 2.53361635969649 1.00000000000000
2030.99657357251272 1092.87591261928901 2.53993824310623 1.00000000000000
2031.08348523243330 1092.80594452377409 2.54839886789814 1.00000000000000
2031.17048499686643 1092.73629749659449 2.55695369024057 1.00000000000000
2031.25803308736067 1092.66736771445721 2.56452006966179 1.00000000000000
2031.34551754972199 1092.59860017430037 2.57305303173860 1.00000000000000
2031.43243128282484 1092.53087455686182 2.58191326101867 1.00000000000000
2031.51906585000688 1092.46357217896730 2.58965612377711 1.00000000000000
2031.60544731520349 1092.39737096754834 2.59834027986942 1.00000000000000
2031.69185686914716 1092.33140920288861 2.60687044620996 1.00000000000000
2031.77845308405813 1092.26611087843776 2.61500092931190 1.00000000000000
2031.86519453517394 1092.20104322489351 2.62370124547660 1.00000000000000
2031.95223080774304 1092.13662082469091 2.63265163772564 1.00000000000000
2032.03964772901963 1092.07284433115274 2.64143055264301 1.00000000000000
2032.12752579117659 1092.00984182953835 2.65066213186165 1.00000000000000
2032.21546990098432 1091.94713674625382 2.66000579457254 1.00000000000000
2032.30387920339126 1091.88523839926347 2.66922533479807 1.00000000000000
2032.39361147396266 1091.82380791520700 2.67747370371705 1.00000000000000
2032.48255087609868 1091.76298987679183 2.68687475888068 1.00000000000000
2032.57209012610838 1091.70310139516369 2.69670903233524 1.00000000000000
2032.66198721621186 1091.64436946110800 2.70526755753175 1.00000000000000
2032.75169008824741 1091.58662807242945 2.71433738037551 1.00000000000000
2032.84242826636182 1091.52934123482555 2.72443495645595 1.00000000000000
2032.93366637302097 1091.47331327013671 2.73353250770985 1.00000000000000
2033.02532458060887 1091.41812526062131 2.74168667082165 1.00000000000000
2033.11662866623374 1091.36385781271383 2.75180495256070 1.00000000000000
2033.20840925531229 1091.31097708968446 2.76132076089344 1.00000000000000
2033.30037303862628 1091.25872844178230 2.76920410291410 1.00000000000000
2033.39315623260336 1091.20768512738869 2.77906836830990 1.00000000000000
2033.48601009056438 1091.15740188909695 2.78868240908329 1.00000000000000
2033.57953374384670 1091.10831559123471 2.79684615926822 1.00000000000000
2033.67333329428220 1091.06001743534580 2.80642395328455 1.00000000000000
2033.76786585157970 1091.01330726500601 2.81679112604924 1.00000000000000
2033.86273196502589 1090.96733629470691 2.82614014152717 1.00000000000000
2033.95805979327997 1090.92311381688341 2.83605919800610 1.00000000000000
2034.05412952508777 1090.87985638855025 2.84640313121585 1.00000000000000
2034.15173435991164 1090.83762478968129 2.85594829868697 1.00000000000000
2034.25080909731332 1090.79632156621665 2.86464927074717 1.00000000000000
2034.35136756312568 1090.75592596409842 2.87223566882758 1.00000000000000
2034.45337435294641 1090.71631420450285 2.87868951379700 1.00000000000000
2034.55610146251274 1090.67772719776258 2.88450868917424 1.00000000000000
2034.65890151809435 1090.64012193819508 2.88878576814001 1.00000000000000
2034.76336136751343 1090.60330193536356 2.89111191083306 1.00000000000000
2034.86922567005968 1090.56708305375651 2.89243060075738 1.00000000000000
2034.97650066018105 1090.53144158935174 2.89281100584114 1.00000000000000
2035.08426546119153 1090.49664309853688 2.89125910654889 1.00000000000000
2035.19234695390332 1090.46251549990848 2.88919938214932 1.00000000000000
2035.30199789628386 1090.42897514067590 2.88770251414712 1.00000000000000
2035.41310822695959 1090.39610289828852 2.88567592388185 1.00000000000000
2035.52540074236458 1090.36372561194003 2.88308037596114 1.00000000000000
2035.63971377804410 1090.33105579856783 2.88148062326147 1.00000000000000
2035.75521800952265 1090.29874679539353 2.87968083284902 1.00000000000000
2035.87227376637748 1090.26690601697192 2.87665587872920 1.00000000000000
2035.99016984668560 1090.23510934179649 2.87354426962253 1.00000000000000
2036.10948495013872 1090.20326904300600 2.87045514659730 1.00000000000000
2036.23031703499146 1090.17099939612672 2.86647556799994 1.00000000000000
2036.35254843835719 1090.13910241192207 2.86262629442152 1.00000000000000
2036.47686285048258 1090.10715748509392 2.85828681533401 1.00000000000000
2036.60212663945276 1090.07458329619840 2.85323014203570 1.00000000000000
2036.72821403096896 1090.04139380482957 2.84702005180367 1.00000000000000
2036.85617708612699 1090.00771157303825 2.84000928957319 1.00000000000000
2036.98506003606599 1089.97328617470339 2.83236241230858 1.00000000000000
2037.11572967574466 1089.93793401401490 2.82376505242065 1.00000000000000
2037.24818545673043 1089.90193482208997 2.81466171139427 1.00000000000000
2037.38159926526714 1089.86504574213177 2.80471275078106 1.00000000000000
2037.51637714065146 1089.82664506696165 2.79479466660007 1.00000000000000
2037.65125583042391 1089.78744605276734 2.78497350187706 1.00000000000000
2037.78543088375591 1089.74747123522684 2.77502643231573 1.00000000000000
2037.92062308406457 1089.70651042601094 2.76484764896837 1.00000000000000
2038.05436228751205 1089.66516105877236 2.75484473716618 1.00000000000000
2038.18743016431108 1089.62238617613912 2.74425744984246 1.00000000000000
2038.32009896857198 1089.57863889867440 2.73339278836933 1.00000000000000
2038.45146984176245 1089.53411604836583 2.72303981272016 1.00000000000000
2038.58138104312820 1089.48899193340912 2.71205473951849 1.00000000000000
2038.71056175086414 1089.44223276246339 2.70063398082900 1.00000000000000
2038.83832457824610 1089.39483192097396 2.68926643928370 1.00000000000000
2038.96447669208283 1089.34644217044115 2.67824682396881 1.00000000000000
2039.08909220859641 1089.29693261906505 2.66693220371098 1.00000000000000
2039.21129521378316 1089.24712637020275 2.65561056735682 1.00000000000000
2039.33209858444752 1089.19675572449341 2.64471764524819 1.00000000000000
2039.45096445700619 1089.14517749892548 2.63306452427091 1.00000000000000
2039.56801612966228 1089.09236018592492 2.62117037912442 1.00000000000000
2039.68258585856529 1089.03900531539693 2.60957874089127 1.00000000000000
2039.79617598454934 1088.98382290499285 2.59763406610682 1.00000000000000
2039.90820676507428 1088.92806393373758 2.58529547208022 1.00000000000000
2040.01917703211075 1088.87081919098273 2.57358620480495 1.00000000000000
2040.12849891930819 1088.81260549230501 2.56056671013631 1.00000000000000
2040.23583572055213 1088.75275210710242 2.54802900417070 1.00000000000000
2040.34154282888630 1088.69240889837965 2.53561945833269 1.00000000000000
2040.44535836408613 1088.63087309803814 2.52255167536886 1.00000000000000
2040.54744545847643 1088.56860360084102 2.51004917456065 1.00000000000000
2040.64768180507235 1088.50526762241498 2.49753435774564 1.00000000000000
2040.74622759642079 1088.44131710194051 2.48527733053783 1.00000000000000
2040.84286877920385 1088.37638104707003 2.47318819581145 1.00000000000000
2040.93790691171307 1088.31105350516737 2.46178329309653 1.00000000000000
2041.03170493402286 1088.24399987561628 2.45171590162768 1.00000000000000
2041.12408397754189 1088.17662792047486 2.44236965600494 1.00000000000000
2041.21447557874490 1088.10853077843785 2.43349533002375 1.00000000000000
2041.30337270814925 1088.03980218851939 2.42673910143922 1.00000000000000
2041.39055271004327 1087.97028857981786 2.42101836111620 1.00000000000000
2041.47694530989975 1087.89995940867811 2.41504493765136 1.00000000000000
2041.56182878068648 1087.82929227175191 2.41037533616632 1.00000000000000
2041.64522894722177 1087.75842249533162 2.40758089282678 1.00000000000000
2041.72728303540498 1087.68748160405084 2.40482373247135 1.00000000000000
2041.80884095467627 1087.61566493613645 2.40326110399694 1.00000000000000
2041.88995993789285 1087.54330754512921 2.40359212109709 1.00000000000000
2041.97034418786643 1087.47025502054021 2.40409784346687 1.00000000000000
2042.05112500948599 1087.39606512663886 2.40531918540801 1.00000000000000
2042.13288994599134 1087.31996527966112 2.40792397769817 1.00000000000000
2042.21464979805751 1087.24333979142830 2.41121215360202 1.00000000000000
2042.29727214237209 1087.16492215776816 2.41446195615826 1.00000000000000
2042.38120860443451 1087.08451997349039 2.41918179041925 1.00000000000000
2042.46642198774498 1087.00278668617830 2.42448496052390 1.00000000000000
2042.55299141386058 1086.91942569054663 2.43013846180173 1.00000000000000
2042.64162150875200 1086.83370249159634 2.43614373984187 1.00000000000000
2042.73154815658927 1086.74657641071826 2.44243373533323 1.00000000000000
2042.82196958427085 1086.65832511708140 2.44903600827371 1.00000000000000
2042.91411724267527 1086.56879715155810 2.45605389169314 1.00000000000000
2043.00708559993654 1086.47748241759837 2.46262154413207 1.00000000000000
2043.10173372394638 1086.38479643594474 2.46919617409507 1.00000000000000
2043.19761023810133 1086.29063621023670 2.47534461257603 1.00000000000000
2043.29530610016081 1086.19543470116332 2.48206360356395 1.00000000000000
2043.39467711863108 1086.09934002347291 2.48884355601752 1.00000000000000
2043.49593452672707 1086.00234900368378 2.49617341691967 1.00000000000000
2043.59833457868081 1085.90498819295317 2.50408747934431 1.00000000000000
2043.70272895146627 1085.80699852341786 2.51239787658143 1.00000000000000
2043.80927839432843 1085.70852591330186 2.52096166657662 1.00000000000000
2043.91716597694904 1085.61016357690096 2.52978374202903 1.00000000000000
2044.02648954518372 1085.51165524357930 2.53811130916769 1.00000000000000
2044.13728994363919 1085.41343739442527 2.54678674509819 1.00000000000000
2044.24998105742270 1085.31473095156252 2.55529315091469 1.00000000000000
2044.36442463949788 1085.21652241284028 2.56391646586529 1.00000000000000
2044.47963654878549 1085.11900159623474 2.57238256367196 1.00000000000000
2044.59592542966129 1085.02282221242785 2.58044252516845 1.00000000000000
2044.71330845431658 1084.92637297743931 2.58600983341210 1.00000000000000
2044.83154965302674 1084.83074990985915 2.58918161316567 1.00000000000000
2044.95025452470873 1084.73587138438597 2.58997110643591 1.00000000000000
2045.06859623920172 1084.64171623205766 2.58871273094286 1.00000000000000
2045.18704272003379 1084.54885916039348 2.58498037529186 1.00000000000000
2045.30483771156287 1084.45607286551967 2.57958553946168 1.00000000000000
2045.42211885889992 1084.36421134881675 2.57374710507009 1.00000000000000
2045.53929929202422 1084.27343469485641 2.56675882290745 1.00000000000000
2045.65666219993727 1084.18284007394686 2.55888027287061 1.00000000000000
2045.77344776748214 1084.09309594985098 2.55135477318368 1.00000000000000
2045.89037051051855 1084.00340174604207 2.54325103858807 1.00000000000000
2046.00669390417170 1083.91411503637210 2.53387324550211 1.00000000000000
2046.12287879019277 1083.82508672215044 2.52407470173428 1.00000000000000
2046.23838641395560 1083.73657776461914 2.51402260184183 1.00000000000000
2046.35347644309513 1083.64754464989528 2.50242884714004 1.00000000000000
2046.46745236311108 1083.55894265137613 2.48958287938757 1.00000000000000
2046.58116193488240 1083.47007743921131 2.47715488400223 1.00000000000000
2046.69372284645215 1083.38134238496423 2.46431805377654 1.00000000000000
2046.80494251416530 1083.29293330525979 2.44959772436096 1.00000000000000
2046.91544191539288 1083.20356632629409 2.43556043806999 1.00000000000000
2047.02505552151706 1083.11329869786277 2.42194872646446 1.00000000000000
2047.13317919126712 1083.02280344581231 2.40764181684415 1.00000000000000
2047.24030722130556 1082.93151344452053 2.39381285864929 1.00000000000000
2047.34691288415343 1082.83984973607585 2.38060503259365 1.00000000000000
2047.45186751754954 1082.74786891834810 2.36770783842777 1.00000000000000
2047.55522162513807 1082.65577425668016 2.35535081692502 1.00000000000000
2047.65685054537607 1082.56348157580942 2.34452843919514 1.00000000000000
2047.75764525198610 1082.47162950923666 2.33609985922025 1.00000000000000
2047.85679576836992 1082.38001840421930 2.32958478918891 1.00000000000000
2047.95475969690597 1082.28828336484730 2.32428169925043 1.00000000000000
2048.05138250550954 1082.19672328187153 2.32069260736270 1.00000000000000
2048.14611750858603 1082.10576929105446 2.31823762412060 1.00000000000000
2048.23985881882254 1082.01554053137079 2.31680419525390 1.00000000000000
2048.33263602317311 1081.92567027918994 2.31638283631832 1.00000000000000
2048.42497193976305 1081.83506468217820 2.31661813420914 1.00000000000000
2048.51587490172824 1081.74458417575806 2.31769286949241 1.00000000000000
2048.60525663045701 1081.65522222360596 2.31957443515231 1.00000000000000
2048.69370385422371 1081.56636164383963 2.32239961263627 1.00000000000000
2048.78124326985562 1081.47807119227946 2.32564669093485 1.00000000000000
2048.86805745697347 1081.39007996255532 2.32949654745615 1.00000000000000
2048.95384179556277 1081.30286045046523 2.33386841933385 1.00000000000000
2049.03874286194332 1081.21614811057225 2.33870872129623 1.00000000000000
2049.12229056138312 1081.13066327106208 2.34380607471753 1.00000000000000
2049.20519708382199 1081.04589606774971 2.34937885055882 1.00000000000000
2049.28728694439633 1080.96194563992321 2.35542489122500 1.00000000000000
2049.36837032658514 1080.87849157582968 2.36132298359691 1.00000000000000
2049.44969557912555 1080.79526824923232 2.36776765758363 1.00000000000000
2049.53018156893086 1080.71264695003629 2.37442486581173 1.00000000000000
2049.60945542500122 1080.63157762074843 2.38110377635706 1.00000000000000
2049.68858247529715 1080.55066585401073 2.38790103827356 1.00000000000000
2049.76715721708024 1080.47047861758620 2.39503563396793 1.00000000000000
2049.84506098611746 1080.39125230303034 2.40232797604721 1.00000000000000
2049.92249831045046 1080.31277945404872 2.40953425963673 1.00000000000000
2050.00010609516175 1080.23465420491993 2.41649168217184 1.00000000000000
2050.07790736330207 1080.15686462819576 2.42356560524374 1.00000000000000
2050.15546806366183 1080.08008681284264 2.43073601708258 1.00000000000000
2050.23326269059908 1080.00388100929558 2.43796077348573 1.00000000000000
2050.31200995459221 1079.92723411880434 2.44529975453201 1.00000000000000
2050.39101551211206 1079.85076654283330 2.45234015061673 1.00000000000000
2050.47121017158497 1079.77404602291062 2.45967446372877 1.00000000000000
2050.55251064931508 1079.69710589339957 2.46708670343080 1.00000000000000
2050.63440013932995 1079.62071364466101 2.47417874572376 1.00000000000000
2050.71644606452901 1079.54452449642122 2.48121488143112 1.00000000000000
2050.79887227446306 1079.46878676861525 2.48831443531192 1.00000000000000
2050.88236694538500 1079.39279203722253 2.49499087895012 1.00000000000000
2050.96627971006092 1079.31699339998886 2.50086199873821 1.00000000000000
2051.05067042191513 1079.24185716593638 2.50562749329350 1.00000000000000
2051.13668445940129 1079.16706606699154 2.50974279379585 1.00000000000000
2051.22285232914146 1079.09233613498509 2.51191232069932 1.00000000000000
2051.30942656483967 1079.01784486277029 2.51209940025190 1.00000000000000
2051.39665511529893 1078.94244656432420 2.51101818628208 1.00000000000000
2051.48429679899709 1078.86736506782472 2.50871801581129 1.00000000000000
2051.57293762662448 1078.79193281475455 2.50485849782496 1.00000000000000
2051.66346142411930 1078.71554521797225 2.50082240590336 1.00000000000000
2051.75491770100780 1078.63845871388912 2.49686117120826 1.00000000000000
2051.84762740880251 1078.56094985688105 2.49081316174205 1.00000000000000
2051.94161290151533 1078.48205446591601 2.48391654537059 1.00000000000000
2052.03697239124449 1078.40245035849512 2.47654694282250 1.00000000000000
2052.13338292075787 1078.32145368400961 2.46843250203762 1.00000000000000
2052.23226461844752 1078.23849323671311 2.45928804332755 1.00000000000000
2052.33226837718394 1078.15335207805037 2.44938671831324 1.00000000000000
2052.43348041758873 1078.06644633179531 2.43866840689921 1.00000000000000
2052.53646656800993 1077.97698932094499 2.42630751547321 1.00000000000000
2052.64033534331247 1077.88560891384259 2.41439126008651 1.00000000000000
2052.74508690804942 1077.79203261341900 2.40123474050204 1.00000000000000
2052.84953118860722 1077.69656239077449 2.38559363046631 1.00000000000000
2052.95295661845012 1077.59982286905870 2.37029113891501 1.00000000000000
2053.05681889742846 1077.50109259132296 2.35452005503460 1.00000000000000
2053.16235061181942 1077.39993499312550 2.33880017329827 1.00000000000000
2053.26791717048036 1077.29737127013505 2.32384921070658 1.00000000000000
2053.37400831573177 1077.19293557573110 2.30976255097805 1.00000000000000
2053.48098631115863 1077.08502480387688 2.29414390108821 1.00000000000000
2053.58690635574749 1076.97474266216159 2.28011536679657 1.00000000000000
2053.69190029427409 1076.86233995947987 2.26567609171018 1.00000000000000
2053.79625800781650 1076.74776226840913 2.25385041257961 1.00000000000000
2053.89989203575533 1076.63260719738901 2.24470342526640 1.00000000000000
2054.00291718897643 1076.51595419598743 2.23676343515288 1.00000000000000
2054.10558518965263 1076.39774785330519 2.23073095756827 1.00000000000000
2054.20802140957676 1076.27791060972959 2.22663726484278 1.00000000000000
2054.31040758185554 1076.15680702310055 2.22416902130486 1.00000000000000
2054.41196584515274 1076.03478507231921 2.22245993620396 1.00000000000000
2054.51436849992024 1075.91113351657987 2.22265745418381 1.00000000000000
2054.61638241994660 1075.78664749534801 2.22386774380168 1.00000000000000
2054.71863149385899 1075.66128527000546 2.22716675901007 1.00000000000000
2054.82105926808435 1075.53466784860939 2.23058281333011 1.00000000000000
2054.92345207545441 1075.40668433113024 2.23420822814289 1.00000000000000
2055.02536409255117 1075.27819347567856 2.23841980770962 1.00000000000000
2055.12779011373641 1075.14880929887295 2.24319208350501 1.00000000000000
2055.22962548013311 1075.01879580039531 2.24798733182421 1.00000000000000
2055.33278893609531 1074.88731073588133 2.25408997713690 1.00000000000000
2055.43642652581912 1074.75494463462383 2.26183855346456 1.00000000000000
2055.54111805686262 1074.62197405193001 2.27081208251734 1.00000000000000
2055.64724987139925 1074.48768627922982 2.28091526633886 1.00000000000000
2055.75436096376507 1074.35318778874353 2.29129523960924 1.00000000000000
2055.86228782951366 1074.21797295473516 2.30220503502138 1.00000000000000
2055.97142970177811 1074.08252691663802 2.31323645172883 1.00000000000000
2056.08085079712328 1073.94754175050184 2.32478482590232 1.00000000000000
2056.19185594329610 1073.81262619607151 2.33689191226490 1.00000000000000
2056.30389435344841 1073.67767829960212 2.34993369191720 1.00000000000000
2056.41800600208808 1073.54324554791674 2.36366512463342 1.00000000000000
2056.53376079665031 1073.40930651826784 2.37821298626865 1.00000000000000
2056.65091399528319 1073.27668615151197 2.39352096760693 1.00000000000000
2056.76922452705912 1073.14531906601042 2.40863191918333 1.00000000000000
2056.88937216077466 1073.01473334385082 2.42319038747952 1.00000000000000
2057.01038561930181 1072.88626488065347 2.43837001511723 1.00000000000000
2057.13243873836473 1072.75913493335247 2.45352319339100 1.00000000000000
2057.25617752072867 1072.63370408629999 2.46875069992403 1.00000000000000
2057.38214422098827 1072.50941213173792 2.48416703298146 1.00000000000000
2057.50988455547486 1072.38731926027685 2.50066485927725 1.00000000000000
2057.63978575961664 1072.26710462057963 2.51741027115187 1.00000000000000
2057.77190859138500 1072.14871970517561 2.53452339982002 1.00000000000000
2057.90697872906458 1072.03201134782284 2.55227442642750 1.00000000000000
2058.04311176971532 1071.91813366347924 2.56915223195168 1.00000000000000
2058.18096375104506 1071.80681615043432 2.58577590542318 1.00000000000000
2058.31982412363868 1071.69786264188588 2.60276045629984 1.00000000000000
2058.45968803152209 1071.59255559649318 2.61997222096166 1.00000000000000
2058.60113759170054 1071.48970579449087 2.63684634008846 1.00000000000000
2058.74460194760468 1071.38973806053400 2.65491308988044 1.00000000000000
2058.88904621626716 1071.29308351268992 2.67353156311853 1.00000000000000
2059.03472331550438 1071.20028505334631 2.69366191027258 1.00000000000000
2059.18150841945317 1071.11137476237491 2.71497393814751 1.00000000000000
2059.32923609344289 1071.02630163310096 2.73595393329172 1.00000000000000
2059.47770705725998 1070.94508262118325 2.75701702117278 1.00000000000000
2059.62678420392331 1070.86727614467964 2.77927231030653 1.00000000000000
2059.77516179648228 1070.79475550586358 2.80188108219599 1.00000000000000
2059.92082623881288 1070.72754250606522 2.82507826251222 1.00000000000000
2060.06500579469139 1070.66524503519759 2.84920903626003 1.00000000000000
2060.21310340985656 1070.60586605546996 2.87404993118962 1.00000000000000
2060.35788195265923 1070.55119497422129 2.90015903070796 1.00000000000000
2060.50409659673460 1070.50126157933846 2.92715702969020 1.00000000000000
2060.64762402320048 1070.45613711606711 2.95392266484753 1.00000000000000
2060.79157752578612 1070.41461695358157 2.98189583435968 1.00000000000000
2060.93339401041158 1070.37740872893482 3.00932533434716 1.00000000000000
2061.07422848744318 1070.34468275634572 3.03606667947035 1.00000000000000
2061.21236031933222 1070.31584688462317 3.06341024304030 1.00000000000000
2061.34829204913694 1070.29126266948879 3.09074734944039 1.00000000000000
2061.48170252825366 1070.27080076700076 3.11642882764216 1.00000000000000
2061.61321071593557 1070.25397977977991 -3.14110250548001 1.00000000000000
2061.74228231783491 1070.24172131298110 -3.11601242045616 1.00000000000000
2061.86765698646195 1070.23273221217096 -3.09260009245618 1.00000000000000
2061.98789360921364 1070.22618309454992 -3.07027132984201 1.00000000000000
2062.10225773573620 1070.22206970071420 -3.04946334704162 1.00000000000000
2062.21075997722801 1070.22038283804432 -3.03019400595492 1.00000000000000
2062.31226316257380 1070.22038968186826 -3.01297383063610 1.00000000000000
2062.44550905399956 1070.21781155094504 -2.98915478825600 1.00000000000000
2062.57342140597757 1070.22831349866465 -2.96590375587472 1.00000000000000
2062.68430354510201 1070.23895805282518 -2.95034827394067 1.00000000000000
2062.79060061415657 1070.23748756200075 -2.93306977823905 1.00000000000000
2062.89037653093692 1070.24689272278920 -2.92094096675693 1.00000000000000
