2040.53136402042583 1092.71390087995678 3.01277000347256 1.00000000000000
2040.63801699288888 1092.68575032055378 2.99392962701264 1.00000000000000
2040.73704510042444 1092.66107379132882 2.98125535394835 1.00000000000000
2040.84936884744093 1092.63210460543633 2.96726709244374 1.00000000000000
2040.95325423905160 1092.60253012366593 2.95357428592636 1.00000000000000
2041.06834922300186 1092.57153149461374 2.94132523973082 1.00000000000000
2041.16693093767390 1092.54216940933838 2.92919906161964 1.00000000000000
2041.27146593504585 1092.50980312051252 2.91727473487268 1.00000000000000
2041.38261868292466 1092.47409616177902 2.90481027239713 1.00000000000000
2041.49933795467950 1092.43493469292298 2.89136520866529 1.00000000000000
2041.62215631356230 1092.39201830700040 2.87783474703768 1.00000000000000
2041.71643977414351 1092.35542404884472 2.86601780966691 1.00000000000000
2041.81610064464621 1092.32075981702656 2.85696505550130 1.00000000000000
2041.91622101352550 1092.28022316657007 2.84493604684538 1.00000000000000
2042.02079599630088 1092.24157535331324 2.83564764760022 1.00000000000000
2042.12579193478450 1092.19693516939878 2.82324457765240 1.00000000000000
2042.23446380067617 1092.15431933104992 2.81415154109144 1.00000000000000
2042.34251377871260 1092.10607771063223 2.80220274186287 1.00000000000000
2042.45476561645046 1092.05967958597466 2.79244207849117 1.00000000000000
2042.56642182118958 1092.00730306934565 2.78038832068888 1.00000000000000
2042.68187889322871 1091.95679985778406 2.77029374142817 1.00000000000000
2042.79798058274901 1091.90042107831687 2.75851735933438 1.00000000000000
2042.91665031114826 1091.84588406607509 2.74819907127690 1.00000000000000
2043.03618479071883 1091.78571622259915 2.73697097504194 1.00000000000000
2043.15863597125281 1091.72702422877774 2.72682345741761 1.00000000000000
2043.28098784701433 1091.66317169414833 2.71553726946545 1.00000000000000
2043.40509134624153 1091.60091986414045 2.70598943273218 1.00000000000000
2043.52949475811329 1091.53381166607141 2.69479945402465 1.00000000000000
2043.65652971016243 1091.46731297951192 2.68509483593251 1.00000000000000
2043.78386625845451 1091.39635984925553 2.67359318070463 1.00000000000000
2043.91363746731076 1091.32536054821685 2.66426844119625 1.00000000000000
2044.04237139195902 1091.25146583514288 2.65285286851727 1.00000000000000
2044.17285870353226 1091.17721758643165 2.64420575452174 1.00000000000000
2044.26003183634020 1091.12643329566345 2.63738349456787 1.00000000000000
2044.34756870049750 1091.07437566295266 2.62937503670520 1.00000000000000
2044.43507776572369 1091.02181786065921 2.62315696395570 1.00000000000000
2044.52222211920889 1090.96869949670509 2.61682849810808 1.00000000000000
2044.60965234000469 1090.91469950880855 2.60920948423188 1.00000000000000
2044.69683890137821 1090.86013666540384 2.60215559728640 1.00000000000000
2044.78443966386840 1090.80475951312110 2.59609319972415 1.00000000000000
2044.87194064562209 1090.74864263134077 2.58882206591581 1.00000000000000
2044.95977020869032 1090.69162934087217 2.58168274211904 1.00000000000000
2045.04770877701230 1090.63426256179810 2.57571704341877 1.00000000000000
2045.13495769107249 1090.57619701465592 2.56882551498998 1.00000000000000
2045.22200673399493 1090.51750080846250 2.56197517225848 1.00000000000000
2045.30709359503817 1090.45918395556509 2.55607516945959 1.00000000000000
2045.39115021703765 1090.40113353217021 2.54950639695394 1.00000000000000
2045.47391675377730 1090.34299635514617 2.54253609801259 1.00000000000000
2045.55627263011411 1090.28482587123290 2.53772713752584 1.00000000000000
2045.67743384174537 1090.19741614861414 2.52817265310335 1.00000000000000
2045.79545195924584 1090.11046512192115 2.51903386204576 1.00000000000000
2045.90978856076254 1090.02429095562547 2.51052755087141 1.00000000000000
2046.02157878025901 1089.93940830556676 2.50191824733095 1.00000000000000
2046.12959178048186 1089.85554074123502 2.49392731185224 1.00000000000000
2046.23488380352501 1089.77246061339974 2.48533780924169 1.00000000000000
2046.33638569340110 1089.69056712090969 2.47785868774834 1.00000000000000
2046.43576551671140 1089.60986158065498 2.46986128542657 1.00000000000000
2046.53106737800408 1089.53041768586263 2.46236136741693 1.00000000000000
2046.62481324654073 1089.45151338400319 2.45432609704936 1.00000000000000
2046.71517510426929 1089.37356019159779 2.44653560478308 1.00000000000000
2046.80440773064038 1089.29630689974874 2.43985314421980 1.00000000000000
2046.89112666482106 1089.21929755108431 2.43186498935595 1.00000000000000
2046.97735074884258 1089.14177753636613 2.42516033147431 1.00000000000000
2047.06062561692670 1089.06524495827034 2.41700953089814 1.00000000000000
2047.14325167535571 1088.98891967209056 2.41007591477631 1.00000000000000
2047.22308990766760 1088.91366423899308 2.40243616870375 1.00000000000000
2047.30188950320007 1088.83879872085527 2.39612016724509 1.00000000000000
2047.37811930250609 1088.76574480254203 2.38895123088815 1.00000000000000
2047.45391846966231 1088.69195023644716 2.38268571715616 1.00000000000000
2047.52633635501843 1088.61977969855070 2.37561678972064 1.00000000000000
2047.59788141120225 1088.54823141498491 2.36949584227247 1.00000000000000
2047.68954122136347 1088.45452626189217 2.36121393493214 1.00000000000000
2047.77901588124223 1088.36119448766112 2.35314352262853 1.00000000000000
2047.86604453460313 1088.26942781917751 2.34521238771002 1.00000000000000
2047.95125091471709 1088.17788752587512 2.33735117980115 1.00000000000000
2048.03562654112466 1088.08579392731190 2.32876116091295 1.00000000000000
2048.11967551021371 1087.99226361839101 2.32051154544021 1.00000000000000
2048.20503435016144 1087.89539035921916 2.31143237401141 1.00000000000000
2048.29255655809538 1087.79427874647081 2.30233399321308 1.00000000000000
2048.35801406443352 1087.71685352176428 2.29451181209452 1.00000000000000
2048.42608797340654 1087.63649580301717 2.28753900965494 1.00000000000000
2048.49430550850229 1087.55364688392729 2.27921910382352 1.00000000000000
2048.56449979543686 1087.46803714614362 2.27166781600098 1.00000000000000
2048.63474838505499 1087.37990099610761 2.26372900114806 1.00000000000000
2048.70704146253411 1087.28913541929796 2.25597580614496 1.00000000000000
2048.77852430276107 1087.19611446280032 2.24809344787181 1.00000000000000
2048.85198986344039 1087.10048663103953 2.24013198400056 1.00000000000000
2048.92342906328849 1087.00374715216458 2.23206886726287 1.00000000000000
2048.99582370847929 1086.90534481080249 2.22356612015297 1.00000000000000
2049.06723764154594 1086.80641853436828 2.21511774342180 1.00000000000000
2049.13839056558209 1086.70711112720892 2.20745479579416 1.00000000000000
2049.20760671701282 1086.60661195637658 2.19888123763080 1.00000000000000
2049.27717206592206 1086.50572237093002 2.19097152432117 1.00000000000000
2049.34561331523582 1086.40469385264441 2.18305263705192 1.00000000000000
2049.41393354791217 1086.30327037721872 2.17523619489368 1.00000000000000
2049.48127614194527 1086.20132196135819 2.16742547067478 1.00000000000000
2049.54832917707972 1086.09810401918367 2.15909068652407 1.00000000000000
2049.61402793170419 1085.99303920799866 2.15188071647554 1.00000000000000
2049.68003930395935 1085.88750340975821 2.14324153199203 1.00000000000000
2049.74346371635329 1085.78303029201925 2.13575868767944 1.00000000000000
2049.80675139813684 1085.67849144572392 2.12802054342972 1.00000000000000
2049.86809799680486 1085.57325341366231 2.11982658361045 1.00000000000000
2049.92919948359486 1085.46726592862979 2.11148231011745 1.00000000000000
2049.98836037772708 1085.36090925009921 2.10288002405112 1.00000000000000
2050.04764360951958 1085.25380698964000 2.09481263990829 1.00000000000000
2050.10550584783778 1085.14528070390224 2.08647055993842 1.00000000000000
2050.16244792123325 1085.03880031686276 2.07858898998863 1.00000000000000
2050.21449986513471 1084.93768987758085 2.07065900215227 1.00000000000000
2050.26516913890373 1084.83941922569647 2.06367796805175 1.00000000000000
2050.31461029674392 1084.74105543410406 2.05722652423363 1.00000000000000
2050.36256961768959 1084.64701809268445 2.05345959797937 1.00000000000000
2050.41269246971933 1084.54800224583596 2.05010962406363 1.00000000000000
