-185.65085494378582 1325.55899522686377 2.59594740937472 1.00000000000000
-185.63031021319330 1325.65695806453004 2.57598069324628 1.00000000000000
-185.66003190295305 1325.76771625084803 2.56468905351234 1.00000000000000
-185.70934925461188 1325.87855267897248 2.56016180228292 1.00000000000000
-185.80452776787570 1325.97765882033855 2.56915007619808 1.00000000000000
-185.87733258388471 1326.05873768869787 2.57605669302866 1.00000000000000
-185.96255800151266 1326.14513989631087 2.58454878458646 1.00000000000000
-186.06014060397865 1326.23707397002727 2.59372040100777 1.00000000000000
-186.16809101740364 1326.33237827755511 2.60368563284370 1.00000000000000
-186.28407942363992 1326.42911325674504 2.61436337720782 1.00000000000000
-186.40643491048831 1326.52632494969293 2.62531345423192 1.00000000000000
-186.53579974564491 1326.62391267996281 2.63960251649261 1.00000000000000
-186.67165258503519 1326.72151328949258 2.65578018530278 1.00000000000000
-186.81458215066232 1326.81863041408360 2.67113516457676 1.00000000000000
-186.96391592838336 1326.91317475540563 2.68845905778848 1.00000000000000
-187.11986427515512 1327.00386690674350 2.70875037931783 1.00000000000000
-187.28271941875573 1327.09032864496112 2.72987648967115 1.00000000000000
-187.45128431695048 1327.17236145446077 2.75269655374058 1.00000000000000
-187.62690897460561 1327.25006668874994 2.77853250861288 1.00000000000000
-187.80938658828381 1327.32086857454851 2.80780452599917 1.00000000000000
-187.99757905508159 1327.38524216832593 2.83893724673720 1.00000000000000
-188.09479780023685 1327.41324609657750 2.85546148897426 1.00000000000000
-188.19252902560402 1327.44248785078526 2.87174456945119 1.00000000000000
-188.29323866992490 1327.46545657655224 2.88949616675049 1.00000000000000
-188.39342918782495 1327.49176497571170 2.90607294049257 1.00000000000000
-188.49739937216509 1327.51015638140962 2.92445601076860 1.00000000000000
-188.60050058015622 1327.53343847813085 2.94102759188637 1.00000000000000
-188.70784440694842 1327.54574380442500 2.96022482862020 1.00000000000000
-188.81309056328610 1327.56557298824191 2.97706282740127 1.00000000000000
-188.92346037016250 1327.57215394685045 2.99710562744741 1.00000000000000
-189.03087397338822 1327.58835132326931 3.01388752793783 1.00000000000000
-189.14391966676340 1327.58998570684344 3.03439051047812 1.00000000000000
-189.25382761622313 1327.60235938290134 3.05173233569600 1.00000000000000
-189.36886428203434 1327.59806371526793 3.07344098361776 1.00000000000000
-189.48023591586389 1327.60613622376695 3.09209556013157 1.00000000000000
-189.59659688198008 1327.59713634569198 3.11526828744618 1.00000000000000
-189.70961577945855 1327.60061032744125 3.13452040173062 1.00000000000000
-189.82759624056052 1327.58559054462239 -3.12564319954681 1.00000000000000
-189.94216770539060 1327.58435361133888 -3.10699705261603 1.00000000000000
-190.06192878371803 1327.56006764713675 -3.08192759779425 1.00000000000000
-190.17738281446509 1327.55362133681774 -3.06152972602984 1.00000000000000
-190.29690675699385 1327.52413633232936 -3.03477549369548 1.00000000000000
-190.41275318176486 1327.51208290224895 -3.01254140111084 1.00000000000000
-190.53229935275158 1327.47590539325029 -2.98419581876129 1.00000000000000
-190.64836395106977 1327.45790621358901 -2.96146469824110 1.00000000000000
-190.76795743458206 1327.41413046419621 -2.93297030905030 1.00000000000000
-190.88442783011124 1327.38996337074786 -2.91043875267409 1.00000000000000
-191.00284448254388 1327.34029737627134 -2.88178671452779 1.00000000000000
-191.11880295653827 1327.30993823893368 -2.85864280557485 1.00000000000000
-191.23571644758340 1327.25386568298563 -2.82987663411022 1.00000000000000
-191.35096628998872 1327.21731608174741 -2.80735647396345 1.00000000000000
-191.46564823691733 1327.15539178019390 -2.77904937776363 1.00000000000000
-191.57945588789880 1327.11277626547962 -2.75607918475657 1.00000000000000
-191.69198893685825 1327.04486399656162 -2.72717704362810 1.00000000000000
-191.80451648903545 1326.99596854113042 -2.70403795922053 1.00000000000000
-191.91385751450434 1326.92246481450275 -2.67547801859193 1.00000000000000
-192.02395449765027 1326.86772651877254 -2.65245391965784 1.00000000000000
-192.13065588381141 1326.78819979634136 -2.62359440681246 1.00000000000000
-192.23858799156733 1326.72728496138006 -2.59972776093072 1.00000000000000
-192.34185314935166 1326.64303403580561 -2.57044011358322 1.00000000000000
-192.44681237253826 1326.57624083617702 -2.54638412954659 1.00000000000000
-192.54641079448629 1326.48614765470847 -2.51750637432294 1.00000000000000
-192.64850375661626 1326.41335435304791 -2.49371711870060 1.00000000000000
-192.74428254138911 1326.31756610283628 -2.46443334688746 1.00000000000000
-192.84308651811443 1326.23884174041450 -2.44013508450837 1.00000000000000
-192.93468981218757 1326.13840777054429 -2.41045431676044 1.00000000000000
-193.02981123101199 1326.05373952351511 -2.38524340213525 1.00000000000000
-193.11660170170944 1325.94859198806807 -2.35537464671532 1.00000000000000
-193.20728340459755 1325.85856250533834 -2.33055740742322 1.00000000000000
-193.28933630313259 1325.74906241288409 -2.30151646409458 1.00000000000000
-193.37569118733518 1325.65357702225447 -2.27705159410011 1.00000000000000
-193.45254894322716 1325.54026431869715 -2.24837441995805 1.00000000000000
-193.53396197938127 1325.43993790959939 -2.22361723767455 1.00000000000000
-193.60496708808932 1325.32308682147413 -2.19402716023839 1.00000000000000
-193.68070379749406 1325.21846362855285 -2.16816060548778 1.00000000000000
-193.74585346144158 1325.09786054771394 -2.13847148972735 1.00000000000000
-193.81590421055444 1324.98895413847640 -2.11315150784305 1.00000000000000
-193.87481320847291 1324.86536979209632 -2.08433793697372 1.00000000000000
-193.93889279151335 1324.75270021939650 -2.05902768131553 1.00000000000000
-193.99145963630872 1324.62714583892375 -2.03007345639083 1.00000000000000
-194.04906995163765 1324.51156380306929 -2.00429747321322 1.00000000000000
-194.09486618556548 1324.38440150069073 -1.97506372217241 1.00000000000000
-194.14581907313550 1324.26629412826151 -1.94918424462277 1.00000000000000
-194.18477377685485 1324.13759945100173 -1.92031603381191 1.00000000000000
-194.22901587898377 1324.01742299040779 -1.89492724311667 1.00000000000000
-194.26146240427624 1323.88783497689292 -1.86684650084157 1.00000000000000
-194.29904192918912 1323.76596134342253 -1.84173304383695 1.00000000000000
-194.32505773776211 1323.63531060796231 -1.81385497382149 1.00000000000000
-194.35608564730501 1323.51165238860995 -1.78875807336430 1.00000000000000
-194.37573516333941 1323.38019432127476 -1.76103959234792 1.00000000000000
-194.40020874212496 1323.25507068866864 -1.73634033169034 1.00000000000000
-194.41372734715696 1323.12352046044543 -1.70933856647608 1.00000000000000
-194.43143571168184 1322.99895866028965 -1.68493308564647 1.00000000000000
-194.43866581073962 1322.86846199817955 -1.65816333298339 1.00000000000000
-194.44996729330160 1322.74298523506150 -1.63373539682707 1.00000000000000
-194.45075879537035 1322.61347867874429 -1.60718549697065 1.00000000000000
-194.45557872502832 1322.48860742757097 -1.58280746093583 1.00000000000000
-194.45067880186252 1322.36024124594405 -1.55677504324875 1.00000000000000
-194.44920423440635 1322.23574078734964 -1.53276331927014 1.00000000000000
-194.43863563286141 1322.10813752980903 -1.50749777261558 1.00000000000000
-194.43105263076723 1321.98382010031492 -1.48416041774592 1.00000000000000
-194.41506802442018 1321.85745887504891 -1.45949898295117 1.00000000000000
-194.40159044147003 1321.73429274465889 -1.43659187834900 1.00000000000000
-194.38060810067691 1321.60940198181197 -1.41270399739866 1.00000000000000
-194.36139572865795 1321.48690236918628 -1.39043864459690 1.00000000000000
-194.33525380771607 1321.36368265049532 -1.36755133813366 1.00000000000000
-194.31060988345416 1321.24252801015973 -1.34595317749420 1.00000000000000
-194.28022504446562 1321.12146999081597 -1.32401507701785 1.00000000000000
-194.25050492415903 1321.00208776677027 -1.30318226728169 1.00000000000000
-194.21569737920072 1320.88296224409714 -1.28214529959081 1.00000000000000
-194.18112050084164 1320.76523150736466 -1.26202762533870 1.00000000000000
-194.14267260156339 1320.64790922496468 -1.24185337179955 1.00000000000000
-194.10349712282186 1320.53184628672898 -1.22267492073442 1.00000000000000
-194.06140061194310 1320.41647004196420 -1.20429344131575 1.00000000000000
-194.01821050350554 1320.30222353665158 -1.18772149338360 1.00000000000000
-193.97317345847841 1320.18845525151119 -1.17237188889343 1.00000000000000
-193.92646895465441 1320.07563789049163 -1.15804076152374 1.00000000000000
-193.87907299777726 1319.96372403344139 -1.14449154416473 1.00000000000000
-193.82948852132540 1319.85269966116175 -1.13146721378744 1.00000000000000
-193.78005557914730 1319.74280329700559 -1.11940986610774 1.00000000000000
-193.72823623870499 1319.63392488332465 -1.10810443957636 1.00000000000000
-193.67698532447685 1319.52578584989533 -1.09763386964641 1.00000000000000
-193.62294837029185 1319.41841097455472 -1.08682857672884 1.00000000000000
-193.57066254690289 1319.31191051984206 -1.07625542346939 1.00000000000000
-193.51453025714727 1319.20626314450055 -1.06467554354591 1.00000000000000
-193.46096954896348 1319.10060082282871 -1.05402587146629 1.00000000000000
-193.40253595518880 1318.99618886318058 -1.04274047108213 1.00000000000000
-193.34823918424081 1318.89174275379628 -1.03338369430291 1.00000000000000
-193.28798389481381 1318.78885134076700 -1.02365283430721 1.00000000000000
-193.23286037519574 1318.68501285510138 -1.01652612457496 1.00000000000000
-193.17100736708380 1318.58308320678771 -1.00898647165056 1.00000000000000
-193.11536447587423 1318.47981028398499 -1.00415871394557 1.00000000000000
-193.05239147564862 1318.37860887451097 -0.99883234958795 1.00000000000000
-192.99610331282020 1318.27541071502492 -0.99595386741192 1.00000000000000
-192.93230338062858 1318.17461269674823 -0.99216009728520 1.00000000000000
-192.87624919711379 1318.07162726856768 -0.99120871441866 1.00000000000000
-192.81213816010859 1317.97115630470216 -0.98933141309570 1.00000000000000
-192.75626298855059 1317.86783254519105 -0.98998435440362 1.00000000000000
-192.69207030528923 1317.76741265226156 -0.98927760244054 1.00000000000000
-192.63854327826994 1317.66285101976246 -0.99235572098010 1.00000000000000
-192.57464095344767 1317.56225320696831 -0.99287772219101 1.00000000000000
-192.52162801253144 1317.45733232935891 -0.99691409180516 1.00000000000000
-192.45823511236813 1317.35641127731651 -0.99843475652926 1.00000000000000
-192.40657024993561 1317.25081036845222 -1.00353259283986 1.00000000000000
-192.34387012507068 1317.14947336632758 -1.00565210929133 1.00000000000000
-192.29363486426882 1317.04340863786638 -1.01126127703157 1.00000000000000
-192.23198731814045 1316.94194111041725 -1.01404145021348 1.00000000000000
-192.18313742044847 1316.83512122603133 -1.02063490319951 1.00000000000000
-192.12251502019353 1316.73310186294839 -1.02422312751593 1.00000000000000
-192.07489860581700 1316.62501643551514 -1.03143230064882 1.00000000000000
-192.01513796043582 1316.52194809028879 -1.03517849766144 1.00000000000000
-191.96923004975542 1316.41283316584304 -1.04253508320202 1.00000000000000
-191.91061412345152 1316.30910242116079 -1.04628518169635 1.00000000000000
-191.86591559130466 1316.19910535868257 -1.05341896865178 1.00000000000000
-191.80849119374761 1316.09468236099929 -1.05783728213894 1.00000000000000
-191.76573496905621 1315.98370563611388 -1.06670120850885 1.00000000000000
-191.70977632666472 1315.87853128882125 -1.07221948948137 1.00000000000000
-191.66897048422834 1315.76632210751995 -1.08150306452648 1.00000000000000
-191.61459241242846 1315.66033154586330 -1.08737336959020 1.00000000000000
-191.57560303306673 1315.54723115125671 -1.09721073493402 1.00000000000000
-191.52295699762180 1315.44038344966248 -1.10380736725471 1.00000000000000
-191.48581369541353 1315.32594100059941 -1.11453456755535 1.00000000000000
-191.43482425343245 1315.21766776032746 -1.12183481773441 1.00000000000000
-191.39986496069469 1315.10220526391640 -1.13315045355092 1.00000000000000
-191.35092171956785 1314.99306000722572 -1.14066063317774 1.00000000000000
-191.31805912358686 1314.87671301374212 -1.15177461288494 1.00000000000000
-191.27115403080825 1314.76670647179708 -1.15907345560322 1.00000000000000
-191.24055165005848 1314.64948028046638 -1.17071008292839 1.00000000000000
-191.19587283884175 1314.53854542318732 -1.17939870591828 1.00000000000000
-191.16777393018128 1314.41991400346160 -1.19233311229989 1.00000000000000
-191.12533536698902 1314.30764460889623 -1.20128347344510 1.00000000000000
-191.09976892208215 1314.18819349911064 -1.21409594899810 1.00000000000000
-191.05981913337018 1314.07505474518985 -1.22324149599249 1.00000000000000
-191.03668842988554 1313.95488403411582 -1.23634590744779 1.00000000000000
-190.99928472621832 1313.84081060718745 -1.24590637632654 1.00000000000000
-190.97892651928123 1313.71951524261385 -1.25958716533537 1.00000000000000
-190.94409187790006 1313.60411181999370 -1.26974747000724 1.00000000000000
-190.92643125227187 1313.48225810704753 -1.28370314564460 1.00000000000000
-190.89437239471590 1313.36602960666642 -1.29386973402283 1.00000000000000
-190.87946050299797 1313.24344374239445 -1.30803661624209 1.00000000000000
-190.85036791779567 1313.12654033256695 -1.31914074751472 1.00000000000000
-190.83830674493220 1313.00358441937715 -1.33431709213689 1.00000000000000
-190.81235404696781 1312.88598594209179 -1.34618973200929 1.00000000000000
-190.80316948227119 1312.76234602415934 -1.36158194203484 1.00000000000000
-190.78030182700604 1312.64357134327292 -1.37327198034917 1.00000000000000
-190.77437858644407 1312.51986971031874 -1.38861941982546 1.00000000000000
-190.75488006486557 1312.40087241539732 -1.40096440286898 1.00000000000000
-190.75249118427746 1312.27703582635149 -1.41744105580872 1.00000000000000
-190.73652379750274 1312.15770585974678 -1.43067488533922 1.00000000000000
-190.73801566171460 1312.03319569909945 -1.44736061259303 1.00000000000000
-190.72546882124152 1311.91283663129434 -1.45979277159048 1.00000000000000
-190.73031588399317 1311.78814222430810 -1.47578629877865 1.00000000000000
-190.72126797336387 1311.66748432209715 -1.48843859760992 1.00000000000000
-190.72900160442805 1311.54301951127127 -1.50464391738060 1.00000000000000
-190.72346401878167 1311.42187443096191 -1.51759849664731 1.00000000000000
-190.73424930800684 1311.29789069993421 -1.53366883019709 1.00000000000000
-190.73222005867865 1311.17693533701822 -1.54635438371043 1.00000000000000
-190.74613979371497 1311.05247086705640 -1.56170728824829 1.00000000000000
-190.74748049792834 1310.93099055998027 -1.57377244370893 1.00000000000000
-190.76461445493624 1310.80641310475767 -1.58936566746173 1.00000000000000
-190.76941705262288 1310.68451372068375 -1.60205673509521 1.00000000000000
-190.78979127306957 1310.55991610046476 -1.61755823644080 1.00000000000000
-190.79805056971963 1310.43772206362337 -1.63006401527268 1.00000000000000
-190.82140679610893 1310.31348631018773 -1.64531684564569 1.00000000000000
-190.83304680418223 1310.19164889072999 -1.65759207680133 1.00000000000000
-190.85948611306958 1310.06769947428256 -1.67269217725638 1.00000000000000
-190.87457123928471 1309.94550613407046 -1.68503688819559 1.00000000000000
-190.90398853516672 1309.82154697505757 -1.70027199653014 1.00000000000000
-190.92258038790897 1309.69894246850163 -1.71265286743180 1.00000000000000
-190.95504784624791 1309.57537221210077 -1.72750784127211 1.00000000000000
-190.97700375778368 1309.45316945062950 -1.73973764849744 1.00000000000000
-191.01236678543501 1309.32985246041790 -1.75449232841397 1.00000000000000
-191.03793865389889 1309.20683445828035 -1.76681920174348 1.00000000000000
-191.07583180116490 1309.08450802881271 -1.78140273864177 1.00000000000000
-191.10475188802229 1308.96218553511426 -1.79389726524873 1.00000000000000
-191.14558167650830 1308.83987310808152 -1.80870429026535 1.00000000000000
-191.17797580186743 1308.71811926783994 -1.82179725372064 1.00000000000000
-191.22176482167561 1308.59652974084020 -1.83712469685145 1.00000000000000
-191.25769085210050 1308.47553789522499 -1.85057984924664 1.00000000000000
-191.30440372030716 1308.35500148590654 -1.86586004082308 1.00000000000000
-191.34389628109057 1308.23479791870341 -1.87936275995827 1.00000000000000
-191.39365007961169 1308.11473800381646 -1.89469504703751 1.00000000000000
-191.43680092907744 1307.99524782365188 -1.90846571944700 1.00000000000000
-191.48935150622856 1307.87617804948241 -1.92377433766336 1.00000000000000
-191.53612986911321 1307.75751646794379 -1.93736754230484 1.00000000000000
-191.59146015322767 1307.63980519585311 -1.95209169084602 1.00000000000000
-191.64165427559055 1307.52244242001325 -1.96576641546611 1.00000000000000
-191.69980381731875 1307.40671267826110 -1.98093404858000 1.00000000000000
-191.75319681537803 1307.29139763442799 -1.99536256698480 1.00000000000000
-191.81433832092443 1307.17740483488888 -2.01099586216516 1.00000000000000
-191.87125113257207 1307.06361240008846 -2.02565350644349 1.00000000000000
-191.93504803185351 1306.95202581817284 -2.04134479461374 1.00000000000000
-191.99507347872714 1306.84058161964640 -2.05598111836800 1.00000000000000
-192.06181673530955 1306.73073669662699 -2.07146692422599 1.00000000000000
-192.12521893787198 1306.62113225506619 -2.08624945787244 1.00000000000000
-192.19465284940088 1306.51409174082801 -2.10179907468692 1.00000000000000
-192.26088656991487 1306.40730520524085 -2.11701911209910 1.00000000000000
-192.33269663969986 1306.30316421529278 -2.13308337102345 1.00000000000000
-192.40166695980588 1306.19936731318012 -2.14848979061286 1.00000000000000
-192.47603032179177 1306.09837548015639 -2.16489623477061 1.00000000000000
-192.54776229860727 1305.99760483857244 -2.18073837749075 1.00000000000000
-192.62478991248645 1305.89980955049396 -2.19732244806406 1.00000000000000
-192.69916010781890 1305.80219709081575 -2.21323986701167 1.00000000000000
-192.77911691193003 1305.70715653616935 -2.22973865005247 1.00000000000000
-192.85660712985555 1305.61196785792708 -2.24536884559140 1.00000000000000
-192.93909740529489 1305.51985527621582 -2.26140920115723 1.00000000000000
-193.01924281660467 1305.42755310237408 -2.27691789738378 1.00000000000000
-193.10407283809036 1305.33875988004729 -2.29304941557034 1.00000000000000
-193.18646009668009 1305.24978203279898 -2.30886872372380 1.00000000000000
-193.27301598677877 1305.16441170917824 -2.32551786515328 1.00000000000000
-193.35761341813486 1305.07888930477202 -2.34213267960050 1.00000000000000
-193.44624631339684 1304.99698898661882 -2.35921721883091 1.00000000000000
-193.53289027203573 1304.91509815817699 -2.37598089098609 1.00000000000000
-193.62373948213644 1304.83669950254261 -2.39371349413927 1.00000000000000
-193.71234036493115 1304.75870951544493 -2.41171327579029 1.00000000000000
-193.80486777715851 1304.68464427255094 -2.43097579986975 1.00000000000000
-193.89638871443458 1304.61002506921068 -2.45026674153822 1.00000000000000
-193.99161600426305 1304.53957878239453 -2.46993334705720 1.00000000000000
-194.08581750735175 1304.46859280485660 -2.48878804928454 1.00000000000000
-194.18323259218596 1304.40244892984629 -2.50812842637054 1.00000000000000
-194.27924560150132 1304.33573477342725 -2.52724029247882 1.00000000000000
-194.37859326554462 1304.27375653805211 -2.54736637459054 1.00000000000000
-194.47675105684903 1304.21115738479421 -2.56717482632469 1.00000000000000
-194.57764041965129 1304.15426057623699 -2.58772724851130 1.00000000000000
-194.67694629350444 1304.09639636846259 -2.60751980130999 1.00000000000000
-194.77977327979170 1304.04432033700868 -2.62780697671100 1.00000000000000
-194.88097718171775 1303.99063329258934 -2.64737085206572 1.00000000000000
-194.98472400376340 1303.94374086055905 -2.66765615109001 1.00000000000000
-195.08664582250640 1303.89474532334134 -2.68708057042597 1.00000000000000
-195.19150915998034 1303.85490303765982 -2.70838567442373 1.00000000000000
-195.29294802655932 1303.81109074456617 -2.72753030204129 1.00000000000000
-195.39996207691729 1303.77536042127758 -2.74818326514790 1.00000000000000
-195.50399602507241 1303.73519713664427 -2.76663899576004 1.00000000000000
-195.61110959784128 1303.70391870522872 -2.78672566954180 1.00000000000000
-195.71521462441888 1303.66823082789779 -2.80470628949625 1.00000000000000
-195.82309092080686 1303.64118190994486 -2.82443898156276 1.00000000000000
-195.92844210471958 1303.60945653868839 -2.84242158241450 1.00000000000000
-196.03654888167512 1303.58701342297718 -2.86244693472517 1.00000000000000
-196.14209184760693 1303.55954555561766 -2.88055683838037 1.00000000000000
-196.24983982270351 1303.54166310094297 -2.90062784155269 1.00000000000000
-196.35536714509362 1303.51839991239831 -2.91831411599579 1.00000000000000
-196.46479921101127 1303.50444961199537 -2.93810444474569 1.00000000000000
-196.57261766539887 1303.48491001408547 -2.95604821282214 1.00000000000000
-196.68157426628750 1303.47499566106126 -2.97609714692453 1.00000000000000
-196.78894762834534 1303.45970849506557 -2.99421573506891 1.00000000000000
-196.89692333142739 1303.45424222480506 -3.01429970240463 1.00000000000000
-197.00342092692154 1303.44317692331970 -3.03227013873544 1.00000000000000
-197.11062299355399 1303.44187426660210 -3.05234073394333 1.00000000000000
-197.21707497676834 1303.43486896203831 -3.07027399092647 1.00000000000000
-197.32385105418507 1303.43764400249347 -3.09018410773643 1.00000000000000
-197.43037855788134 1303.43465799279511 -3.10808435405833 1.00000000000000
-197.53623797732871 1303.44152922602370 -3.12792585996843 1.00000000000000
-197.64204301603604 1303.44253064598888 3.13747958243806 1.00000000000000
-197.74764303443953 1303.45322597539052 3.11803192629654 1.00000000000000
-197.85367937991396 1303.45814518537372 3.10052414916218 1.00000000000000
-197.95956749119796 1303.47275751922280 3.08096056005438 1.00000000000000
-198.06575112743303 1303.48161063715816 3.06356203836234 1.00000000000000
-198.17164659139235 1303.50000966619700 3.04428303526168 1.00000000000000
-198.27795436349697 1303.51274039130658 3.02748329475913 1.00000000000000
-198.38342116086278 1303.53508844040334 3.00820879709585 1.00000000000000
-198.48913549788995 1303.55169806210324 2.99069218398717 1.00000000000000
-198.59403465682408 1303.57758388807997 2.97110676180989 1.00000000000000
-198.69961278093979 1303.59817327512428 2.95358162862244 1.00000000000000
-198.80419927713228 1303.62789177149534 2.93444892212277 1.00000000000000
-198.90923818224110 1303.65234233206138 2.91746525551258 1.00000000000000
-199.01301208639052 1303.68564025592059 2.89834943745026 1.00000000000000
-199.11768048012163 1303.71405907114968 2.88088861709312 1.00000000000000
-199.22069450718118 1303.75115047954023 2.86146212384523 1.00000000000000
-199.32490886788582 1303.78359885001555 2.84385149151574 1.00000000000000
-199.42679825722007 1303.82420009374619 2.82458185243836 1.00000000000000
-199.53009154403117 1303.86055932100862 2.80709538439003 1.00000000000000
-199.63076928444207 1303.90467438707128 2.78826819130756 1.00000000000000
-199.73323371598963 1303.94493096414953 2.77120598796192 1.00000000000000
-199.83254270441830 1303.99215776193887 2.75292593948290 1.00000000000000
-199.93345773988403 1304.03591799549758 2.73648799404990 1.00000000000000
-200.03130790276919 1304.08639025595039 2.71879968185087 1.00000000000000
-200.13054204889340 1304.13349921582267 2.70259774807925 1.00000000000000
-200.22650779364631 1304.18682669242844 2.68538108004127 1.00000000000000
-200.32429476047400 1304.23731125332415 2.66929213955660 1.00000000000000
-200.41895022720564 1304.29386875731871 2.65162474707899 1.00000000000000
-200.51532236335333 1304.34782948996872 2.63519695258683 1.00000000000000
-200.60862492688466 1304.40743925375864 2.61764417670407 1.00000000000000
-200.70359186024871 1304.46493044076487 2.60110364021975 1.00000000000000
-200.79478193982504 1304.52737767156214 2.58312552255061 1.00000000000000
-200.88764356530737 1304.58809577673674 2.56612831718050 1.00000000000000
-200.97719059820520 1304.65348523994908 2.54803213836581 1.00000000000000
-201.06825072725769 1304.71771289268509 2.53069049796530 1.00000000000000
-201.15560120902956 1304.78576482087374 2.51231863845032 1.00000000000000
-201.24432988907211 1304.85320468433201 2.49482205752183 1.00000000000000
-201.32971595379058 1304.92404907662421 2.47665405439892 1.00000000000000
-201.41628998774104 1304.99484284548089 2.45922933881007 1.00000000000000
-201.49955830548424 1305.06882197456434 2.44085317819855 1.00000000000000
-201.58340374840191 1305.14259991236031 2.42294690796122 1.00000000000000
-201.66384502541041 1305.21908169100061 2.40420738499785 1.00000000000000
-201.74503213015851 1305.29598555900156 2.38598634107591 1.00000000000000
-201.82253447460243 1305.37519687507302 2.36730247364192 1.00000000000000
-201.90092010761146 1305.45509697636589 2.34930936980255 1.00000000000000
-201.97567662096117 1305.53723125299439 2.33096006369204 1.00000000000000
-202.05134205066133 1305.62019071634859 2.31304547506852 1.00000000000000
-202.12329198303632 1305.70514276064932 2.29444455778835 1.00000000000000
-202.19585343339713 1305.79081228747964 2.27631817605430 1.00000000000000
-202.26474572514417 1305.87795191677287 2.25789266305513 1.00000000000000
-202.33412390074227 1305.96618158183992 2.23997551948955 1.00000000000000
-202.39944544318132 1306.05494030378759 2.22172170725881 1.00000000000000
-202.46508239675313 1306.14493382768705 2.20384431709479 1.00000000000000
-202.52678340312559 1306.23585962690413 2.18549536286551 1.00000000000000
-202.58905789454002 1306.32813777588308 2.16738015797593 1.00000000000000
-202.64758730225731 1306.42105420958251 2.14894366296369 1.00000000000000
-202.70638135640183 1306.51543054217473 2.13087789813110 1.00000000000000
-202.76146040268941 1306.60996085964143 2.11247252278440 1.00000000000000
-202.81648435193347 1306.70599506516010 2.09409247296395 1.00000000000000
-202.86758801643737 1306.80177734280005 2.07547025062574 1.00000000000000
-202.91844567313092 1306.89864874724299 2.05727230319461 1.00000000000000
-202.96541626763064 1306.99585549114272 2.03870692130170 1.00000000000000
-203.01256907416973 1307.09433722216636 2.02049920151130 1.00000000000000
-203.05545960064046 1307.19264259422198 2.00157633684032 1.00000000000000
-203.09869462752249 1307.29246505489573 1.98262606818833 1.00000000000000
-203.13754542614333 1307.39188227616251 1.96292233084640 1.00000000000000
-203.17661531642079 1307.49271468538791 1.94336373180633 1.00000000000000
-203.21121225313982 1307.59315876616165 1.92301645617426 1.00000000000000
-203.24601925932802 1307.69497600989416 1.90297147195745 1.00000000000000
-203.27634707698599 1307.79576657479629 1.88241805290188 1.00000000000000
-203.30680812388891 1307.89840336563066 1.86211119084230 1.00000000000000
-203.33277741610073 1307.99951009359211 1.84109064781134 1.00000000000000
-203.35868459288031 1308.10237454948947 1.82026815246210 1.00000000000000
-203.41736344469246 1308.29057913785800 1.78288637362294 1.00000000000000
-203.46550611697603 1308.48023444693536 1.74531664596465 1.00000000000000
