-164.23225072934292 1305.23067515483126 3.09169972466396 1.00000000000000
-164.34097676083911 1305.24633914185688 3.08688099422473 1.00000000000000
-164.45846010762034 1305.25833425717428 3.08540165100023 1.00000000000000
-164.58172903046943 1305.27226551435888 3.08295095321995 1.00000000000000
-164.69170837639831 1305.28726318664849 3.07997489383224 1.00000000000000
-164.81984262174228 1305.30124479951337 3.07863827084328 1.00000000000000
-164.96165225096047 1305.32257296470925 3.07401090172646 1.00000000000000
-165.06493342842441 1305.33726577134803 3.07133113602547 1.00000000000000
-165.17418937652837 1305.35338776232675 3.06883287154625 1.00000000000000
-165.28965035267174 1305.37146489089355 3.06481080833800 1.00000000000000
-165.41133056581020 1305.39128343481570 3.06150239900121 1.00000000000000
-165.53847862780094 1305.41285794693977 3.05838591978905 1.00000000000000
-165.67103696992854 1305.43687670771033 3.05351995766177 1.00000000000000
-165.80977621016791 1305.46294606290758 3.04887143760211 1.00000000000000
-165.95395797258243 1305.49130842648447 3.04462543118112 1.00000000000000
-166.10313697787933 1305.52194624394178 3.03922639250717 1.00000000000000
-166.25724309135694 1305.55506850173697 3.03371462738919 1.00000000000000
-166.41613991744816 1305.59001471148804 3.02859169828944 1.00000000000000
-166.57967335067224 1305.62724036443979 3.02305230241162 1.00000000000000
-166.74601856275694 1305.66648687049747 3.01695754964092 1.00000000000000
-166.91466918075457 1305.70771543635055 3.01165344560715 1.00000000000000
-167.08619300666032 1305.75086425570771 3.00633549164312 1.00000000000000
-167.26073924836237 1305.79478591866791 3.00081570940977 1.00000000000000
-167.43745168636087 1305.84045597491786 2.99586434394934 1.00000000000000
-167.61602585017681 1305.88702217349783 2.99102207802492 1.00000000000000
-167.79590943345102 1305.93456567311659 2.98558823974990 1.00000000000000
-167.97675143246306 1305.98276880010962 2.98136187528119 1.00000000000000
-168.15865575463977 1306.03161180811003 2.97706814313423 1.00000000000000
-168.34265290619805 1306.08143060700968 2.97225673277825 1.00000000000000
-168.52842823544051 1306.13162443228066 2.96856341800589 1.00000000000000
-168.71604251937242 1306.18226874293759 2.96524890704853 1.00000000000000
-168.90550538187381 1306.23355016717687 2.96142893164657 1.00000000000000
-169.09668276761658 1306.28527645207942 2.95830916517857 1.00000000000000
-169.28953656973317 1306.33708427613601 2.95550857987792 1.00000000000000
-169.48339599202154 1306.38904493674636 2.95253592558262 1.00000000000000
-169.58140130364336 1306.40912113385275 2.95297122804838 1.00000000000000
-169.67897645069752 1306.44117145240307 2.95022439957858 1.00000000000000
-169.77853677922394 1306.46183682372794 2.95043317990082 1.00000000000000
-169.87661400355864 1306.49399424763396 2.94779584032467 1.00000000000000
-169.97657330404036 1306.51497385744005 2.94818723389908 1.00000000000000
-170.07568922033533 1306.54668405000120 2.94589342001612 1.00000000000000
-170.17654109722935 1306.56803702609614 2.94648176541504 1.00000000000000
-170.27633627841715 1306.59905176516622 2.94450623387066 1.00000000000000
-170.37757635337766 1306.62066755024716 2.94479456150235 1.00000000000000
-170.47836169548100 1306.65164428669959 2.94245076381931 1.00000000000000
-170.58063029439654 1306.67368885176256 2.94263373766233 1.00000000000000
-170.68167509883642 1306.70465657208115 2.94077038132805 1.00000000000000
-170.78441211907193 1306.72694478463382 2.94142668546060 1.00000000000000
-170.88648377952632 1306.75746683729813 2.93979240779793 1.00000000000000
-170.99028051004279 1306.78013691911474 2.94006086130792 1.00000000000000
-171.09311225154670 1306.81027336884290 2.93847337326913 1.00000000000000
-171.19701721798629 1306.83307145722210 2.93902707439296 1.00000000000000
-171.30080476077273 1306.86370938736945 2.93732296490628 1.00000000000000
-171.40585502306931 1306.88690377073362 2.93770069616709 1.00000000000000
-171.51020078244619 1306.91665344825014 2.93651619538729 1.00000000000000
-171.61559508024948 1306.94000969082117 2.93695208164683 1.00000000000000
-171.72094758343883 1306.96969742048532 2.93592537104051 1.00000000000000
-171.82747988821939 1306.99339774018154 2.93617427685811 1.00000000000000
-171.93355760001577 1307.02261904766783 2.93502627295241 1.00000000000000
-172.04050374793587 1307.04648948227987 2.93537704065481 1.00000000000000
-172.14748221798800 1307.07578175235540 2.93430929985271 1.00000000000000
-172.25539475702681 1307.09993974212557 2.93474466029742 1.00000000000000
-172.36325037037022 1307.12921771081164 2.93385846262277 1.00000000000000
-172.47224982199259 1307.15367801161483 2.93426637925473 1.00000000000000
-172.58118609851226 1307.18274774216115 2.93354147569118 1.00000000000000
-172.69112294155639 1307.20745655754581 2.93394547076296 1.00000000000000
-172.80090878863120 1307.23642383655533 2.93315158563481 1.00000000000000
-172.91167847567704 1307.26139620738104 2.93322986171307 1.00000000000000
-173.02275075425860 1307.29073135321960 2.93239539758235 1.00000000000000
-173.13455803820398 1307.31597295170650 2.93290308958266 1.00000000000000
-173.24622827675194 1307.34495338005945 2.93238269231525 1.00000000000000
-173.35857483407017 1307.37031583860517 2.93298597741781 1.00000000000000
-173.47147413319908 1307.39949965244159 2.93241212853502 1.00000000000000
-173.58536192961037 1307.42525026341900 2.93263805024699 1.00000000000000
-173.69919497112278 1307.45403888309374 2.93205041594897 1.00000000000000
-173.81402070994955 1307.48000283306465 2.93255067489211 1.00000000000000
-173.92870342469541 1307.50855980534106 2.93218904063297 1.00000000000000
-174.04380990943173 1307.53458355274051 2.93262395794480 1.00000000000000
-174.15948904387187 1307.56337902974337 2.93217480987509 1.00000000000000
-174.27566953108180 1307.58966874936596 2.93241300840497 1.00000000000000
-174.39202245185152 1307.61850426066667 2.93207171510516 1.00000000000000
-174.50855810695793 1307.64486450655386 2.93248526809392 1.00000000000000
-174.62528590840520 1307.67395579488948 2.93209879658086 1.00000000000000
-174.74257537408266 1307.70048209652305 2.93254370503074 1.00000000000000
-174.86020107928198 1307.72901584021747 2.93250302062348 1.00000000000000
-174.97835505066905 1307.75571304699406 2.93280789893431 1.00000000000000
-175.09690978599247 1307.78461603913456 2.93244439275980 1.00000000000000
-175.21600642439444 1307.81152506591752 2.93272929037289 1.00000000000000
-175.33531847532140 1307.84059909963980 2.93270813502026 1.00000000000000
-175.45470695779659 1307.86754580168054 2.93301960905120 1.00000000000000
-175.57447255472653 1307.89642393961549 2.93271841862534 1.00000000000000
-175.69471073593013 1307.92357282061130 2.93284534999133 1.00000000000000
-175.81496516690822 1307.95224105753005 2.93270985920171 1.00000000000000
-175.93561880983179 1307.97945338767022 2.93311757774160 1.00000000000000
-176.05690151685849 1308.00836022198200 2.93322878000837 1.00000000000000
-176.17854290804826 1308.03574537904933 2.93361284663635 1.00000000000000
-176.30024945701007 1308.06478729005903 2.93360047686475 1.00000000000000
-176.42227656021714 1308.09221268910915 2.93395615293853 1.00000000000000
-176.54520196595695 1308.12105725845322 2.93403045688578 1.00000000000000
-176.66837786405813 1308.14869126956910 2.93433094457203 1.00000000000000
-176.79159293655539 1308.17764017777517 2.93440997162499 1.00000000000000
-176.91515478433575 1308.20531873451546 2.93465548077598 1.00000000000000
-177.03895286261104 1308.23394721047953 2.93464600150627 1.00000000000000
-177.16295890021138 1308.26167781045660 2.93495515429151 1.00000000000000
-177.28744567173999 1308.29044893151149 2.93509883175774 1.00000000000000
-177.41205616202205 1308.31826270930469 2.93542759566045 1.00000000000000
-177.53688998502912 1308.34708248358220 2.93565776519958 1.00000000000000
-177.66205224685837 1308.37494744407013 2.93599294230351 1.00000000000000
-177.78715791192371 1308.40388254867867 2.93610749981052 1.00000000000000
-177.91263424942736 1308.43173385178670 2.93658613275141 1.00000000000000
-178.03862820239738 1308.46074080606923 2.93660989396412 1.00000000000000
-178.16462895239238 1308.48867131862789 2.93685468533103 1.00000000000000
-178.29088585905265 1308.51797704119235 2.93661495252409 1.00000000000000
-178.41754016478080 1308.54604439856485 2.93683192232062 1.00000000000000
-178.54378538927995 1308.57513630809262 2.93696942467933 1.00000000000000
-178.67037250485737 1308.60314450645819 2.93728221286236 1.00000000000000
-178.79678365116706 1308.63227558042854 2.93720782141515 1.00000000000000
-178.92332354147220 1308.66025429964066 2.93737647678932 1.00000000000000
-179.04993546777405 1308.69001815654337 2.93747300042492 1.00000000000000
-179.17694126081187 1308.71804125094786 2.93788657125590 1.00000000000000
-179.30419436807279 1308.74755244329572 2.93811423027010 1.00000000000000
-179.43179637717549 1308.77564922394231 2.93836636758095 1.00000000000000
-179.55889375566039 1308.80524923652411 2.93816074910532 1.00000000000000
-179.68653260101564 1308.83332948386669 2.93840947371387 1.00000000000000
-179.81442953652004 1308.86298566171899 2.93821027913827 1.00000000000000
-179.94321773899719 1308.89129408542067 2.93858449628536 1.00000000000000
-180.07039417629130 1308.92058098409325 2.93862723408863 1.00000000000000
-180.19800835667411 1308.94859702698886 2.93887782352731 1.00000000000000
-180.32466443430167 1308.97812446393073 2.93855369987997 1.00000000000000
-180.45171392324846 1309.00601662090048 2.93882854102372 1.00000000000000
-180.57821007200982 1309.03564840089530 2.93873300817056 1.00000000000000
-180.70559310819954 1309.06357485102490 2.93917234857965 1.00000000000000
-180.83174640411744 1309.09289706917480 2.93914421656506 1.00000000000000
-180.95910274435300 1309.12077477201819 2.93954492666029 1.00000000000000
-181.08518736728001 1309.14991081971675 2.93937262913917 1.00000000000000
-181.21162008319516 1309.17758548306301 2.93950729815887 1.00000000000000
-181.33767277799780 1309.20667274575680 2.93937039090273 1.00000000000000
-181.46338592353277 1309.23416674323380 2.93964763772319 1.00000000000000
-181.58879323262954 1309.26281001139432 2.93982130506370 1.00000000000000
-181.71464572596597 1309.29026270983741 2.94026822546994 1.00000000000000
-181.83898677641992 1309.31887704553083 2.94028757238760 1.00000000000000
-181.96426632057410 1309.34616080624983 2.94062072287892 1.00000000000000
-182.08821778150741 1309.37477115262300 2.94052989581405 1.00000000000000
-182.21288790303515 1309.40188239002600 2.94090685255945 1.00000000000000
-182.33590108901262 1309.43053411180153 2.94067617888466 1.00000000000000
-182.45969161845278 1309.45746102323756 2.94079600044592 1.00000000000000
-182.58169372298289 1309.48586700018495 2.94073191844709 1.00000000000000
-182.70483287191018 1309.51262678205967 2.94104469692283 1.00000000000000
-182.82636099529918 1309.54070558259264 2.94079446260128 1.00000000000000
-182.94843519240385 1309.56724342051893 2.94091303427087 1.00000000000000
-183.06873237446416 1309.59500462654978 2.94080982648515 1.00000000000000
-183.19013565639034 1309.62137247668579 2.94111257252247 1.00000000000000
-183.30909035273362 1309.64974474627525 2.94070549544717 1.00000000000000
-183.42946280143224 1309.67591684963554 2.94083243382559 1.00000000000000
-183.54717397794593 1309.70355793088675 2.94067562779043 1.00000000000000
-183.66600140737137 1309.72935632197186 2.94121210198675 1.00000000000000
-183.78308898326941 1309.75736114522442 2.94106273809793 1.00000000000000
-183.90133892861195 1309.78303105477244 2.94130669563816 1.00000000000000
-184.01747830933891 1309.81039218930528 2.94076301681594 1.00000000000000
-184.13480708427960 1309.83588279830292 2.94096303287118 1.00000000000000
-184.25040605210233 1309.86299262614921 2.94079238205378 1.00000000000000
-184.36723042803351 1309.88837596308440 2.94106004143181 1.00000000000000
-184.48192550404929 1309.91492459597066 2.94092840363210 1.00000000000000
-184.59783499233890 1309.94007342634723 2.94134977073143 1.00000000000000
-184.71157036419027 1309.96638315031305 2.94133637347838 1.00000000000000
-184.82642160780961 1309.99129245243967 2.94147763986672 1.00000000000000
-184.93992525711656 1310.01774262916297 2.94113788103205 1.00000000000000
-185.05456017970573 1310.04264121269807 2.94103190052706 1.00000000000000
-185.16704781644512 1310.06935417326167 2.94053324754853 1.00000000000000
-185.28096678102156 1310.09413088066503 2.94074818630952 1.00000000000000
-185.39166108571226 1310.12047147145495 2.94071907146443 1.00000000000000
-185.50443986081518 1310.14494611090049 2.94137561701619 1.00000000000000
-185.61452567519154 1310.17096493206918 2.94112014452256 1.00000000000000
-185.72660952934530 1310.19530715281144 2.94114544709076 1.00000000000000
-185.83649949450046 1310.22066988935694 2.94075868643904 1.00000000000000
-185.94805104436819 1310.24490569857880 2.94092743890082 1.00000000000000
-186.05692059313878 1310.27004297915846 2.94065187681316 1.00000000000000
-186.16736558335833 1310.29407111974433 2.94069677194667 1.00000000000000
-186.27626631921157 1310.31904590968043 2.94092419104053 1.00000000000000
-186.38691400038078 1310.34302564617246 2.94166662949668 1.00000000000000
-186.49448827921879 1310.36760927224532 2.94170394058091 1.00000000000000
-186.60357959754765 1310.39126033708453 2.94154201353411 1.00000000000000
-186.70997025002725 1310.41594358673319 2.94070432097005 1.00000000000000
-186.81806638435228 1310.43944184901193 2.94065834278061 1.00000000000000
-186.92427785112523 1310.46440248843282 2.94053451749105 1.00000000000000
-187.03231125243474 1310.48788164881989 2.94096687817301 1.00000000000000
-187.13839683984406 1310.51228640275076 2.94087767202625 1.00000000000000
-187.24655699823052 1310.53579549584538 2.94097257193034 1.00000000000000
-187.35191079159267 1310.55968374013901 2.94069304865963 1.00000000000000
-187.45893590094056 1310.58297533169389 2.94058606502888 1.00000000000000
-187.56352219422115 1310.60669675748795 2.94030960691658 1.00000000000000
-187.66959095431957 1310.62978841317818 2.94050092997410 1.00000000000000
-187.77321023319382 1310.65397647768259 2.94003875714055 1.00000000000000
-187.87883729289751 1310.67704025516286 2.93987368695003 1.00000000000000
-187.98157987860031 1310.70111673790962 2.93948508402488 1.00000000000000
-188.08632580708945 1310.72400878882036 2.93971678482431 1.00000000000000
-188.18857069482328 1310.74784471094608 2.93969777923658 1.00000000000000
-188.29277586273383 1310.77062642294914 2.93973665278094 1.00000000000000
-188.39437786705093 1310.79479272291064 2.93918120987406 1.00000000000000
-188.49780901294434 1310.81745539652184 2.93914618298022 1.00000000000000
-188.59897977876244 1310.84138412959874 2.93858270642730 1.00000000000000
-188.70216928550508 1310.86405950924382 2.93850471754050 1.00000000000000
-188.80282078031451 1310.88784373784438 2.93791469760342 1.00000000000000
-188.90543529583374 1310.91050046868622 2.93743893860169 1.00000000000000
-189.00557332870085 1310.93425051309168 2.93668430137178 1.00000000000000
-189.10765867342707 1310.95690300967544 2.93629989951212 1.00000000000000
-189.20697240019217 1310.98027727985755 2.93562871117926 1.00000000000000
-189.30812058830634 1311.00286727445200 2.93491299057270 1.00000000000000
-189.40666340175085 1311.02701286319643 2.93367870694172 1.00000000000000
-189.50718646531459 1311.04963374137878 2.93317060157659 1.00000000000000
-189.60566940659191 1311.07351483358070 2.93254667610899 1.00000000000000
-189.70601642003749 1311.09619177412242 2.93241091786856 1.00000000000000
-189.80405718280235 1311.12008065823466 2.93150752838714 1.00000000000000
-189.90411481953925 1311.14284661272541 2.93087811996754 1.00000000000000
-190.00159310636809 1311.16691691055894 2.92959225425209 1.00000000000000
-190.10112532007042 1311.18976614251733 2.92879991693804 1.00000000000000
-190.29703259840608 1311.23624261002988 2.92699475827516 1.00000000000000
-190.49200956290588 1311.28303441265598 2.92338838863239 1.00000000000000
-190.68561037245672 1311.33025797968730 2.91950571149348 1.00000000000000
-190.87717587995576 1311.37806315207854 2.91611951078722 1.00000000000000
-191.06831597536802 1311.42688649101183 2.91102802751204 1.00000000000000
-191.25836979364976 1311.47622704878449 2.90606146436305 1.00000000000000
-191.44685758865671 1311.52635579416528 2.90084041708546 1.00000000000000
-191.63426231034100 1311.57754549756646 2.89491243410390 1.00000000000000
-191.82036019640509 1311.62966836011037 2.88851751907521 1.00000000000000
-192.00495785742532 1311.68336647283286 2.88009845250621 1.00000000000000
-192.18797960819211 1311.73871314432472 2.87016498728858 1.00000000000000
-192.36957652051933 1311.79528348101303 2.86043866174456 1.00000000000000
-192.54932823096169 1311.85399937024340 2.84985694319317 1.00000000000000
-192.72759830951691 1311.91442753607407 2.83845918086089 1.00000000000000
-192.90406231617089 1311.97700150078163 2.82559065885358 1.00000000000000
-193.07742613716982 1312.04119491996244 2.81265776263935 1.00000000000000
-193.24922276404686 1312.10747758718207 2.79837488635248 1.00000000000000
-193.41871107288171 1312.17650853749365 2.78273016159096 1.00000000000000
-193.58535984053742 1312.24772192677483 2.76712581199173 1.00000000000000
-193.74976163194515 1312.32163100549951 2.75029116549175 1.00000000000000
-193.91174112708541 1312.39814233640209 2.73282573556931 1.00000000000000
-194.07136525877286 1312.47730265557766 2.71521210638257 1.00000000000000
-194.22864975989796 1312.55926443729550 2.69658016023540 1.00000000000000
-194.38236265548039 1312.64379074890167 2.67652667948555 1.00000000000000
-194.53329373797169 1312.73126688506454 2.65588177773605 1.00000000000000
-194.68137397605460 1312.82141120126471 2.63451444999561 1.00000000000000
-194.82600231922697 1312.91426422679797 2.61232035059407 1.00000000000000
-194.96789439860731 1313.01041142223403 2.58909375341701 1.00000000000000
-195.10755395865999 1313.11026649037376 2.56583351456778 1.00000000000000
-195.24301960982848 1313.21258269017562 2.54169480827615 1.00000000000000
-195.37497460137820 1313.31811095681041 2.51668298226349 1.00000000000000
-195.50329555745702 1313.42623903881758 2.49213658419856 1.00000000000000
-195.62818698456977 1313.53694313811138 2.46745895834071 1.00000000000000
-195.74953067291062 1313.65041029732674 2.44111780093365 1.00000000000000
-195.86676684860140 1313.76668511331081 2.41480887505467 1.00000000000000
-195.98015705292346 1313.88523069396615 2.38831336445707 1.00000000000000
-196.08935718261637 1314.00679984362796 2.36244027147116 1.00000000000000
-196.19459417898906 1314.13022463954985 2.33595892644980 1.00000000000000
-196.29636903567007 1314.25683353375643 2.30915635344033 1.00000000000000
-196.39426663075574 1314.38520903699100 2.28195723146880 1.00000000000000
-196.48756726534339 1314.51599936187267 2.25297078756423 1.00000000000000
-196.57700460928027 1314.64943358441815 2.22399873981607 1.00000000000000
-196.66196745156776 1314.78484277520329 2.19506660769572 1.00000000000000
-196.74261109135114 1314.92171288887039 2.16545744750553 1.00000000000000
-196.81813559442526 1315.05983179947361 2.13525286788684 1.00000000000000
-196.88979040610138 1315.20029432047158 2.10570617886792 1.00000000000000
-196.95719196903519 1315.34273135010153 2.07521547997108 1.00000000000000
-197.02033137984108 1315.48757916223258 2.04455390422432 1.00000000000000
-197.07857509667519 1315.63307160697877 2.01299710494169 1.00000000000000
-197.13149978744332 1315.77927189972252 1.98022340131313 1.00000000000000
-197.17953608906828 1315.92764969915152 1.94768021799804 1.00000000000000
-197.22251094639068 1316.07631513010710 1.91486204159556 1.00000000000000
-197.26044802227989 1316.22603281354532 1.88132950791466 1.00000000000000
-197.29307586734649 1316.37634052429348 1.84828636621278 1.00000000000000
-197.32066191814374 1316.52771619893610 1.81556419839552 1.00000000000000
-197.34318134310888 1316.67996116075665 1.78236335080991 1.00000000000000
-197.36040019080974 1316.83307185629383 1.74953048535286 1.00000000000000
-197.37279774714261 1316.98662998247892 1.71665109116699 1.00000000000000
-197.37823672674131 1317.14113218663260 1.68266820071826 1.00000000000000
-197.37845026067225 1317.29548637056723 1.64757606529274 1.00000000000000
-197.37338868773077 1317.45005220593885 1.61301744643384 1.00000000000000
-197.36369142634794 1317.60396965453401 1.58003786850343 1.00000000000000
-197.34889125707559 1317.75757487816736 1.54590646293071 1.00000000000000
-197.32927758316509 1317.91051458474249 1.51207243433536 1.00000000000000
-197.30490149755497 1318.06270322529599 1.47961889794405 1.00000000000000
-197.27583945030347 1318.21415685350075 1.44688148673914 1.00000000000000
-197.24202253716066 1318.36418676190078 1.41452862366632 1.00000000000000
-197.20323446614202 1318.51429946348071 1.38423782705265 1.00000000000000
-197.16053770401049 1318.66329956147820 1.35597774335410 1.00000000000000
-197.11423379555345 1318.81100645987317 1.32936620560906 1.00000000000000
-197.06473982427269 1318.95645920839161 1.30488904368958 1.00000000000000
-197.01215485273860 1319.10079535609111 1.28276548782245 1.00000000000000
-196.95713113743113 1319.24391277320683 1.26259044626605 1.00000000000000
-196.89977343409555 1319.38618472497910 1.24406380989340 1.00000000000000
-196.84072512597777 1319.52750661736354 1.22728586620336 1.00000000000000
-196.78029154875549 1319.66789863957092 1.21315034965756 1.00000000000000
-196.72060140047688 1319.80808914871886 1.20251836591259 1.00000000000000
-196.66001914429944 1319.94872212223709 1.19368825407939 1.00000000000000
-196.59854128537700 1320.08930283877999 1.18702573446424 1.00000000000000
-196.53699370520189 1320.22972960770130 1.18277023730057 1.00000000000000
-196.47547250520438 1320.37100778054446 1.17940311128784 1.00000000000000
-196.41452899214346 1320.51159359142184 1.17613077497497 1.00000000000000
-196.35338211944327 1320.65311286319047 1.17337554010958 1.00000000000000
-196.29291141842259 1320.79491810267791 1.17115381443901 1.00000000000000
-196.23322587576695 1320.93698787223548 1.16896683505908 1.00000000000000
-196.17350409540813 1321.07985029555857 1.16686733164090 1.00000000000000
-196.11404291493818 1321.22311478154734 1.16595907213630 1.00000000000000
-196.05521454336122 1321.36669920431450 1.16456796906469 1.00000000000000
-195.99673259293195 1321.51033166702837 1.16220655436976 1.00000000000000
-195.93779265519697 1321.65586357936263 1.16098178572591 1.00000000000000
-195.87896889087278 1321.80173349287361 1.16027508667814 1.00000000000000
-195.82093590393197 1321.94681403320283 1.15913420506238 1.00000000000000
-195.76388207369018 1322.09023068705574 1.15842547484531 1.00000000000000
-195.70794449001551 1322.23210268281400 1.15808477228112 1.00000000000000
-195.65410129236989 1322.36962701380253 1.15765353749442 1.00000000000000
-195.59855486039305 1322.51057317340747 1.15768876072113 1.00000000000000
-195.54409542336361 1322.65001210803166 1.15781325954670 1.00000000000000
-195.48985812999308 1322.78838551975787 1.15726181665508 1.00000000000000
-195.43645097152330 1322.92527925875038 1.15720048905048 1.00000000000000
-195.38388565921923 1323.06028288556263 1.15731053037532 1.00000000000000
-195.33202055888250 1323.19433424156159 1.15701235906035 1.00000000000000
-195.28080640727421 1323.32672785129398 1.15691110545700 1.00000000000000
-195.23025421623606 1323.45704368827865 1.15745756332839 1.00000000000000
-195.18006347602932 1323.58541471371427 1.15764290621350 1.00000000000000
-195.13071490742732 1323.71200647158548 1.15741373903625 1.00000000000000
-195.08244716224726 1323.83576983399689 1.15776343235614 1.00000000000000
-195.03516267787199 1323.95682535879314 1.15831020556979 1.00000000000000
-194.98933483217843 1324.07407743111253 1.15830296650122 1.00000000000000
-194.94494193315040 1324.18654156522825 1.15797479250787 1.00000000000000
-194.90201562806033 1324.29520377423614 1.15796080934063 1.00000000000000
-194.86065920692636 1324.40013127168640 1.15798196178458 1.00000000000000
-194.82045143761206 1324.50121503463015 1.15768924447299 1.00000000000000
-194.78158959839493 1324.59826426766813 1.15740195517118 1.00000000000000
-194.74409224820556 1324.69157333346084 1.15778759726748 1.00000000000000
-194.69303345866501 1324.82441019499674 1.15814937443167 1.00000000000000
-194.64095198415453 1324.94812940247357 1.15747418252323 1.00000000000000
-194.59768772101961 1325.05932953068987 1.15830806575210 1.00000000000000
-194.55604332656367 1325.15847731195390 1.15801206760199 1.00000000000000
-194.51217516628094 1325.26833059825003 1.15899727517274 1.00000000000000
-194.47219941718504 1325.37290819175541 1.16078970011333 1.00000000000000
