-204.83640845905757 1308.69885552534834 2.69674225257347 -1.00000000000000
-204.73511967458762 1308.64871967025101 2.69800068069365 -1.00000000000000
-204.63226307823788 1308.59797928063199 2.69847260333114 -1.00000000000000
-204.53652777610114 1308.55084528960288 2.69890264717779 -1.00000000000000
-204.43204650300322 1308.49923519836739 2.69927790917456 -1.00000000000000
-204.31952790834475 1308.44373342907056 2.69947833814254 -1.00000000000000
-204.20096959685907 1308.38507878547534 2.69960114975950 -1.00000000000000
-204.07818804623093 1308.32423098897561 2.69938488606099 -1.00000000000000
-203.98634827462956 1308.27894272748381 2.69931457292353 -1.00000000000000
-203.88891141477507 1308.23033232055604 2.69891224620006 -1.00000000000000
-203.79516616434557 1308.18398644588888 2.69861045051622 -1.00000000000000
-203.69588160380954 1308.13405317161232 2.69805247276338 -1.00000000000000
-203.59919266251381 1308.08587812073529 2.69771595881681 -1.00000000000000
-203.49720143090235 1308.03420463576913 2.69676134217580 -1.00000000000000
-203.39678367233137 1307.98391368193552 2.69628369600971 -1.00000000000000
-203.29133943363559 1307.93010124936700 2.69486312394053 -1.00000000000000
-203.18853758502519 1307.87828995799646 2.69413438185251 -1.00000000000000
-203.08019394369330 1307.82235779939219 2.69219057687129 -1.00000000000000
-202.97518447460607 1307.76869545038790 2.69052605383982 -1.00000000000000
-202.86463230923982 1307.71090795192868 2.68773462243286 -1.00000000000000
-202.75599379936466 1307.65483039338142 2.68453516150554 -1.00000000000000
-202.64286118373275 1307.59520771680400 2.68062046575925 -1.00000000000000
-202.53212809812976 1307.53704355470836 2.67631727906621 -1.00000000000000
-202.41710102942307 1307.47539733676240 2.67093480509924 -1.00000000000000
-202.30427926208358 1307.41504747048020 2.66639942452880 -1.00000000000000
-202.18706160131842 1307.35191829875112 2.66123487932937 -1.00000000000000
-202.07192664575996 1307.28986284974962 2.65684980539188 -1.00000000000000
-201.95170952519402 1307.22458154289052 2.65128434759806 -1.00000000000000
-201.83479257312138 1307.15995822381228 2.64564132656121 -1.00000000000000
-201.71263542014640 1307.09250701218843 2.64019053371433 -1.00000000000000
-201.59287187381415 1307.02528030890971 2.63520326874473 -1.00000000000000
-201.46873071894515 1306.95606922870502 2.62995449599452 -1.00000000000000
-201.34645809256472 1306.88639084855095 2.62510547121590 -1.00000000000000
-201.22015816473868 1306.81472793500870 2.62050085941658 -1.00000000000000
-201.09554236847907 1306.74232090590522 2.61718576570708 -1.00000000000000
-200.96594500017818 1306.66782463481650 2.61458710977381 -1.00000000000000
-200.83862411801238 1306.59250387223437 2.61271057204321 -1.00000000000000
-200.75184607389383 1306.54111844953150 2.61171750547877 -1.00000000000000
-200.66423676919658 1306.48917547287419 2.61098901733883 -1.00000000000000
-200.57542495470261 1306.43627770803869 2.61057872806166 -1.00000000000000
-200.48594526853412 1306.38288001110777 2.61006497835514 -1.00000000000000
-200.39628898596857 1306.32890481548384 2.60934894568545 -1.00000000000000
-200.30583783821203 1306.27433108724654 2.60893037570369 -1.00000000000000
-200.21414273034316 1306.21884281840175 2.60875009174802 -1.00000000000000
-200.12178265489638 1306.16295086732134 2.60798825948299 -1.00000000000000
-200.02900160034187 1306.10672241542488 2.60694777723230 -1.00000000000000
-199.93501337955240 1306.04953639302403 2.60637970422215 -1.00000000000000
-199.84054377884604 1305.99147231504321 2.60546101250431 -1.00000000000000
-199.74575281812577 1305.93298576213419 2.60386944178682 -1.00000000000000
-199.64969090814702 1305.87364508956671 2.60281365159836 -1.00000000000000
-199.55270369874779 1305.81316152261570 2.60153568695524 -1.00000000000000
-199.45548770611640 1305.75232868408784 2.60005839005177 -1.00000000000000
-199.35755692352541 1305.69052078016102 2.59901356299507 -1.00000000000000
-199.25866191642126 1305.62772458186373 2.59738571748314 -1.00000000000000
-199.15899422776420 1305.56422329507768 2.59584378501156 -1.00000000000000
-199.05917321634479 1305.50034169247374 2.59540395654641 -1.00000000000000
-198.95901709870668 1305.43604759778827 2.59457734287985 -1.00000000000000
-198.85810146445874 1305.37116075772792 2.59387750659811 -1.00000000000000
-198.75705067382660 1305.30580067867413 2.59341372588165 -1.00000000000000
-198.65565299044829 1305.23998194048181 2.59274789247719 -1.00000000000000
-198.55393811385147 1305.17389423213899 2.59183770896723 -1.00000000000000
-198.45242485729977 1305.10754662053660 2.59101377168691 -1.00000000000000
-198.35116423282307 1305.04089492280036 2.59020655839639 -1.00000000000000
-198.24993803421967 1304.97430136753246 2.58926883501681 -1.00000000000000
-198.14929692575242 1304.90790379466489 2.58838186546565 -1.00000000000000
-198.04926765488926 1304.84148795017973 2.58776967324869 -1.00000000000000
-197.95002098206896 1304.77503349957988 2.58739761237091 -1.00000000000000
-197.85176102607511 1304.70896411454305 2.58625685508654 -1.00000000000000
-197.75472187018022 1304.64311576681212 2.58538304696052 -1.00000000000000
-197.65856526559219 1304.57782086823136 2.58542195222600 -1.00000000000000
-197.56382970663253 1304.51345600001514 2.58491823325829 -1.00000000000000
-197.46983508544508 1304.44975526211783 2.58421845556560 -1.00000000000000
-197.37682512187166 1304.38652937859297 2.58379810846683 -1.00000000000000
-197.28505134396255 1304.32442585472018 2.58348951848070 -1.00000000000000
-197.19390302925603 1304.26196828437969 2.58250764274772 -1.00000000000000
-197.10319783957675 1304.20002931077033 2.58195272986926 -1.00000000000000
-197.01278513285797 1304.13856512354687 2.58147170162198 -1.00000000000000
-196.92319469456561 1304.07698054146022 2.58070025038898 -1.00000000000000
-196.83448929328006 1304.01599465310574 2.58008090995755 -1.00000000000000
-196.74563948053401 1303.95496781496331 2.57977313846905 -1.00000000000000
-196.65685055847280 1303.89421162614599 2.57944641159200 -1.00000000000000
-196.56857661728282 1303.83354192832485 2.57916012613331 -1.00000000000000
-196.48036974435672 1303.77283798716962 2.57876630761299 -1.00000000000000
-196.39225279557286 1303.71205805754289 2.57865484542881 -1.00000000000000
-196.30411055171862 1303.65137601410970 2.57867986305784 -1.00000000000000
-196.21587849227944 1303.59087646892294 2.57865272290075 -1.00000000000000
-196.12779432593379 1303.53017668426037 2.57826594711137 -1.00000000000000
-196.03956313710660 1303.46978249214590 2.57807085569103 -1.00000000000000
-195.95140024251305 1303.40935138473287 2.57808824678747 -1.00000000000000
-195.86342216090998 1303.34873819118366 2.57744145669491 -1.00000000000000
-195.77548376645427 1303.28801478538662 2.57697817326900 -1.00000000000000
-195.68732124334201 1303.22759954817593 2.57703548598773 -1.00000000000000
-195.59920170734404 1303.16700705979019 2.57656925260669 -1.00000000000000
-195.51071539224358 1303.10618379199877 2.57611598911254 -1.00000000000000
-195.42188996984623 1303.04510107217357 2.57649944036874 -1.00000000000000
-195.33285079465713 1302.98424211889505 2.57709310762017 -1.00000000000000
-195.24322102143196 1302.92325333785266 2.57822526422085 -1.00000000000000
-195.15345856186468 1302.86186907859519 2.58037286159091 -1.00000000000000
-195.06368834781460 1302.80045828502625 2.58369167193043 -1.00000000000000
-194.97307332704077 1302.73936548409984 2.58813513873883 -1.00000000000000
-194.88191451039165 1302.67839503427967 2.59296524681636 -1.00000000000000
-194.79071663098875 1302.61762279178947 2.59766674993881 -1.00000000000000
-194.69941430783365 1302.55707156704739 2.60257467712024 -1.00000000000000
-194.60802303743549 1302.49667440680787 2.60770996198513 -1.00000000000000
-194.51613794552395 1302.43618051940575 2.61196971894002 -1.00000000000000
-194.42368895444088 1302.37576633505523 2.61604376950448 -1.00000000000000
-194.33105790551053 1302.31572708860040 2.62091067271301 -1.00000000000000
-194.23773723782506 1302.25571960816160 2.62554238542489 -1.00000000000000
-194.14396874536760 1302.19568489259109 2.62965781393067 -1.00000000000000
-194.05002603930188 1302.13599710911512 2.63397333078805 -1.00000000000000
-193.95587168599013 1302.07663613837212 2.63848909407602 -1.00000000000000
-193.86170154222054 1302.01740234764293 2.64336540255504 -1.00000000000000
-193.76695850619581 1301.95816113008186 2.64831829630863 -1.00000000000000
-193.67142018763116 1301.89941176120192 2.65341644370636 -1.00000000000000
-193.57578380347695 1301.84093866776675 2.65883099329837 -1.00000000000000
-193.48007182212314 1301.78266141377389 2.66385191757339 -1.00000000000000
-193.38399959390517 1301.72505613137037 2.66855222139920 -1.00000000000000
-193.28793170559220 1301.66752602113411 2.67327854993440 -1.00000000000000
-193.19163418246899 1301.61043724976480 2.67805684679743 -1.00000000000000
-193.09511970658787 1301.55387411080301 2.68267821115273 -1.00000000000000
-192.99839567393064 1301.49772105086595 2.68734054655847 -1.00000000000000
-192.90085752657615 1301.44170884322375 2.69228355536718 -1.00000000000000
-192.80263234785525 1301.38618427654728 2.69750853895336 -1.00000000000000
-192.70413313055178 1301.33099708659574 2.70219177819883 -1.00000000000000
-192.60536615597084 1301.27644831640646 2.70677551844443 -1.00000000000000
-192.50635246123420 1301.22237145993859 2.71206409189285 -1.00000000000000
-192.40684299799614 1301.16916614165530 2.71740714475245 -1.00000000000000
-192.30753867293242 1301.11680590081960 2.72242053792688 -1.00000000000000
-192.20818813575897 1301.06554664857686 2.72757975860212 -1.00000000000000
-192.10900522139855 1301.01512886676937 2.73297565335409 -1.00000000000000
-192.01000878843479 1300.96550166001543 2.73776746029036 -1.00000000000000
-191.91137340757996 1300.91644751792774 2.74262820917701 -1.00000000000000
-191.81348116986919 1300.86828204989433 2.74754883210401 -1.00000000000000
-191.71633204212412 1300.82106395158917 2.75207204567469 -1.00000000000000
-191.61984340369236 1300.77480024984106 2.75681328058474 -1.00000000000000
-191.52409170812462 1300.72947208490223 2.76205308538579 -1.00000000000000
-191.42845112842042 1300.68476054212078 2.76679074399547 -1.00000000000000
-191.33311648759991 1300.64112031413242 2.77127452342558 -1.00000000000000
-191.23772886878578 1300.59851192450151 2.77683079165410 -1.00000000000000
-191.14264933124650 1300.55674136755988 2.78209329413741 -1.00000000000000
-191.04839057632489 1300.51566928112879 2.78655769033057 -1.00000000000000
-190.95535970106721 1300.47574922023341 2.79181791082685 -1.00000000000000
-190.86285399604822 1300.43698648456484 2.79755569248765 -1.00000000000000
-190.72611645358847 1300.37854942260310 2.80338384404149 -1.00000000000000
-190.58887609420344 1300.32566623995081 2.81220719341112 -1.00000000000000
-190.45504384278320 1300.27219677716494 2.81907377713617 -1.00000000000000
-190.32269907998852 1300.22361652413383 2.82654426513063 -1.00000000000000
-190.19394063332584 1300.17430007085204 2.83335727546374 -1.00000000000000
-190.06460348074324 1300.12911050394177 2.84057802278906 -1.00000000000000
-189.93772601848468 1300.08369844732806 2.84790456036707 -1.00000000000000
-189.81203583924798 1300.04201455693692 2.85492759790474 -1.00000000000000
-189.68893872702029 1299.99970090109855 2.86240173543102 -1.00000000000000
-189.56593087501824 1299.96131922723725 2.86974592536450 -1.00000000000000
-189.44639064092189 1299.92260963749141 2.87637805643790 -1.00000000000000
-189.32642209518235 1299.88685475336388 2.88381838132414 -1.00000000000000
-189.21083054185146 1299.85142949130386 2.88993669093524 -1.00000000000000
-189.09420515177771 1299.81858039274812 2.89755300607624 -1.00000000000000
-188.98010478343349 1299.78533609863371 2.90429850312851 -1.00000000000000
-188.86528962873854 1299.75479196477681 2.91155803563261 -1.00000000000000
-188.75196237466298 1299.72383803687990 2.91779744011176 -1.00000000000000
-188.63478284562007 1299.69430407881737 2.92651106400674 -1.00000000000000
-188.51782313548028 1299.66438104026020 2.93283560801376 -1.00000000000000
-188.39660259068478 1299.63608037726954 2.94162084120925 -1.00000000000000
-188.27380675950553 1299.60694509372115 2.94870446341922 -1.00000000000000
-188.14768231037306 1299.57971429079771 2.95773606177786 -1.00000000000000
-188.02067692740820 1299.55207303492352 2.96565447015153 -1.00000000000000
-187.88954558665864 1299.52610388770700 2.97489244224602 -1.00000000000000
-187.75637523212936 1299.49991578795016 2.98355646395524 -1.00000000000000
-187.61929053347558 1299.47556023159996 2.99298333862426 -1.00000000000000
-187.48128717276268 1299.45052081765607 3.00236406519017 -1.00000000000000
-187.34004306548741 1299.42757217818871 3.01092568703620 -1.00000000000000
-187.19753341225442 1299.40421993471682 3.02086518434490 -1.00000000000000
-187.05221217434155 1299.38364423112944 3.02978787024082 -1.00000000000000
-186.90549517842010 1299.36280390340835 3.03983351272903 -1.00000000000000
-186.80593516852241 1299.35010794224218 3.04663840721901 -1.00000000000000
-186.70527528284583 1299.33811966422945 3.05281718149415 -1.00000000000000
-186.60359930933919 1299.32647716347128 3.05979016459208 -1.00000000000000
-186.50080632802565 1299.31575386365876 3.06684500273075 -1.00000000000000
-186.39773171197157 1299.30577027611434 3.07351377580823 -1.00000000000000
-186.29365321202204 1299.29630712093785 3.08056839451163 -1.00000000000000
-186.18858151888708 1299.28724110499024 3.08746240315213 -1.00000000000000
-186.08354985876940 1299.27883817767724 3.09405197308504 -1.00000000000000
-185.97742382134311 1299.27098502917215 3.10087782270219 -1.00000000000000
-185.87131529999897 1299.26369740907103 3.10776767476591 -1.00000000000000
-185.76515254809055 1299.25712459720671 3.11450417659663 -1.00000000000000
-185.65875159425195 1299.25129839964211 3.12108647053482 -1.00000000000000
-185.55150055349804 1299.24599158205092 3.12795855444151 -1.00000000000000
-185.44432677340228 1299.24116107821465 3.13430595901176 -1.00000000000000
-185.33700482733548 1299.23697393480688 3.14026808952000 -1.00000000000000
-185.22977119439747 1299.23357730219141 -3.13687896693760 -1.00000000000000
-185.12259167141747 1299.23056368809193 -3.13150578576885 -1.00000000000000
-185.01434488932136 1299.22825206769630 -3.12690872414872 -1.00000000000000
-184.90608775778674 1299.22658911533654 -3.12268182932873 -1.00000000000000
-184.79779155837605 1299.22535526240245 -3.11860785360506 -1.00000000000000
-184.68967055727262 1299.22426170203835 -3.11573869182648 -1.00000000000000
-184.58138725068420 1299.22401689551771 -3.11294721510836 -1.00000000000000
-184.47304350568447 1299.22417334886268 -3.10990403277048 -1.00000000000000
-184.36490870267153 1299.22503855032846 -3.10802500105669 -1.00000000000000
-184.25769429130014 1299.22602883027866 -3.10650323505726 -1.00000000000000
-184.15135787584586 1299.22711511282250 -3.10525966504556 -1.00000000000000
-184.04504983546212 1299.22885681455955 -3.10414041139901 -1.00000000000000
-183.93981573381461 1299.23108124826103 -3.10331159426662 -1.00000000000000
-183.83556954609230 1299.23371485527605 -3.10205177781561 -1.00000000000000
-183.73235992086120 1299.23668116563931 -3.10080112062925 -1.00000000000000
-183.63122815231327 1299.24009832367301 -3.09985250247338 -1.00000000000000
-183.53110592113808 1299.24354575574398 -3.09873838733499 -1.00000000000000
-183.38248504395597 1299.24872411461547 -3.09713510976068 -1.00000000000000
-183.23693965550046 1299.25585129950196 -3.09544470559893 -1.00000000000000
-183.09360144182574 1299.26199960568920 -3.09413810495695 -1.00000000000000
-182.95284016797086 1299.27006890764460 -3.09216679796430 -1.00000000000000
-182.81690334051382 1299.27651616651565 -3.09088055965148 -1.00000000000000
-182.69204613845795 1299.28448126232252 -3.08871679300349 -1.00000000000000
-182.56392021535430 1299.29100993881002 -3.08821380200760 -1.00000000000000
-182.44109075097367 1299.29928893083706 -3.08623858855792 -1.00000000000000
-182.32162713934667 1299.30587151879445 -3.08512949533401 -1.00000000000000
-182.20749706058996 1299.31404124107212 -3.08371364110655 -1.00000000000000
-182.09725827968214 1299.32048437697813 -3.08227092000704 -1.00000000000000
-181.99241028173128 1299.32882068306208 -3.08067519414687 -1.00000000000000
-181.89190364599926 1299.33533252729103 -3.07927189740733 -1.00000000000000
-181.76587578421459 1299.34435919858515 -3.07798472543829 -1.00000000000000
-181.64906202501152 1299.35294473730028 -3.07589023818925 -1.00000000000000
-181.54037710686680 1299.36139869038016 -3.07429205526441 -1.00000000000000
-181.44043634232366 1299.36937822820619 -3.07287624940599 -1.00000000000000
-181.32945631275652 1299.37890565581620 -3.07028698979252 -1.00000000000000
-181.21852386940736 1299.38814551616088 -3.06791300501089 -1.00000000000000
-181.32888345449464 1299.38325577881187 -3.04915672635972 1.00000000000000
-181.43383648968302 1299.37463465705514 -3.03602153111703 1.00000000000000
-181.53338601207361 1299.36480492260307 -3.02302360607583 1.00000000000000
-181.64529756369302 1299.35196610540152 -3.00781453997864 1.00000000000000
-181.77050538355252 1299.33548923442140 -2.99019031453905 1.00000000000000
-181.87428365799133 1299.31984403217211 -2.97634177401923 1.00000000000000
-181.98177291476168 1299.30239677336067 -2.96049569390540 1.00000000000000
-182.09816560859326 1299.28121188236400 -2.94395077034042 1.00000000000000
-182.21732574416092 1299.25770153151825 -2.92511998013935 1.00000000000000
-182.34511883725645 1299.22953475778922 -2.90535036384911 1.00000000000000
-182.47573315165937 1299.19819253031164 -2.88312751860807 1.00000000000000
-182.61541717965156 1299.16030446160585 -2.85876205028453 1.00000000000000
-182.75566393352346 1299.11897208960727 -2.83302857428130 1.00000000000000
-182.85186953144148 1299.08779498841614 -2.81371739342589 1.00000000000000
-182.94982872641413 1299.05356965120882 -2.79325260705780 1.00000000000000
-183.04924707184546 1299.01621363777667 -2.77235320232690 1.00000000000000
-183.14956101670396 1298.97560542682186 -2.75026553251877 1.00000000000000
-183.25058749085292 1298.93157115718350 -2.72644860432664 1.00000000000000
-183.35162060905714 1298.88416126277298 -2.70226977375539 1.00000000000000
-183.45173160755076 1298.83387696743011 -2.67828417148434 1.00000000000000
-183.55042289319681 1298.78066356526688 -2.65321965178808 1.00000000000000
-183.64702736283652 1298.72493632137775 -2.62807541860799 1.00000000000000
-183.73963336303132 1298.66772201936692 -2.60362684793299 1.00000000000000
-183.82662047701888 1298.61024866998196 -2.57854495857189 1.00000000000000
-183.91170165606309 1298.55064839404076 -2.55318381662339 1.00000000000000
-183.99470217979979 1298.48882279312238 -2.52848321062591 1.00000000000000
-184.07487086072797 1298.42551760841161 -2.50417761017808 1.00000000000000
-184.15198841574602 1298.36116466065869 -2.47983055739715 1.00000000000000
-184.25942954007769 1298.26158836996183 -2.44319104877788 1.00000000000000
-184.35886874631979 1298.17007674789056 -2.41008404180822 1.00000000000000
-184.44918767519994 1298.07162337796763 -2.37577776313341 1.00000000000000
-184.53329168912023 1297.98236302193254 -2.34513990833991 1.00000000000000
-184.60745386162307 1297.88905316544697 -2.31357255067247 1.00000000000000
-184.67641293763882 1297.80528514506295 -2.28508702413914 1.00000000000000
-184.73587299243081 1297.71843995619565 -2.25642696647800 1.00000000000000
-184.79816775210202 1297.63347420375794 -2.22894215741484 1.00000000000000
-184.85053661768325 1297.54681327752769 -2.19917833539301 1.00000000000000
-184.91454903810518 1297.43865478271618 -2.16015932829772 1.00000000000000
-184.97494536545128 1297.32701915036887 -2.12019799561665 1.00000000000000
-185.03212273295503 1297.21065591787919 -2.08097519505865 1.00000000000000
-185.08490598096978 1297.09212224371731 -2.04446166075270 1.00000000000000
-185.13084704108769 1296.97778933448717 -2.01171885333401 1.00000000000000
-185.16951478307601 1296.86990311695263 -1.98266707280248 1.00000000000000
-185.20899252174422 1296.75271870894358 -1.95333986301884 1.00000000000000
-185.23798681457993 1296.63974292529747 -1.92828637355835 1.00000000000000
-185.26639210025314 1296.52449920773506 -1.90532535478541 1.00000000000000
-185.29255005391315 1296.41173665784299 -1.88606518339045 1.00000000000000
-185.31232961965725 1296.30706325965002 -1.87496485304780 1.00000000000000
-185.25418161461130 1296.40758033469319 -1.87133696170144 -1.00000000000000
-185.21316861227388 1296.51058915862814 -1.87455354872952 -1.00000000000000
-185.17667336284649 1296.60560818575323 -1.87939030362834 -1.00000000000000
-185.13554266793653 1296.71190582541749 -1.88548255532511 -1.00000000000000
-185.08957561047282 1296.82934622745961 -1.89329968803845 -1.00000000000000
-185.05315113189863 1296.92342464439571 -1.89926699545883 -1.00000000000000
-185.01014914363623 1297.02347619924694 -1.90852137191266 -1.00000000000000
-184.96840939437971 1297.12531922943890 -1.91580028485915 -1.00000000000000
-184.91932160395663 1297.23164859972894 -1.92699847658678 -1.00000000000000
-184.87237586505944 1297.33887353166938 -1.93490203627666 -1.00000000000000
-184.81752253207378 1297.44815840059891 -1.94764545344056 -1.00000000000000
-184.76636417198461 1297.55650609545410 -1.95618456548387 -1.00000000000000
-184.70697421598015 1297.66533932648599 -1.97024363186425 -1.00000000000000
-184.65213399007916 1297.77302611479536 -1.97966065256107 -1.00000000000000
-184.58848352660425 1297.88069906365126 -1.99428543772346 -1.00000000000000
-184.53027245041449 1297.98739362787455 -2.00404031075348 -1.00000000000000
-184.46325791312847 1298.09357274323702 -2.01796904174114 -1.00000000000000
-184.40240267792251 1298.19944253331050 -2.02764163038193 -1.00000000000000
-184.33364159526536 1298.30385966086760 -2.04044314501110 -1.00000000000000
-184.27090945362579 1298.40852348413318 -2.04960277312241 -1.00000000000000
-184.20173699449515 1298.51080537680537 -2.06136756600909 -1.00000000000000
-184.13848622428486 1298.61247800104320 -2.06920558259884 -1.00000000000000
-184.07017732318491 1298.71212666714564 -2.07964748407771 -1.00000000000000
-184.00656450306997 1298.81210393412039 -2.08693753697730 -1.00000000000000
-183.93915558879962 1298.91021391376853 -2.09600053660860 -1.00000000000000
-183.87662477081176 1299.00650352053344 -2.10250287326151 -1.00000000000000
-183.81099525734317 1299.10131688602269 -2.11020111850165 -1.00000000000000
-183.74965286016231 1299.19442816777155 -2.11659637090869 -1.00000000000000
-183.68681527423905 1299.28547335462645 -2.12312675243005 -1.00000000000000
-183.62627085077111 1299.37596438452601 -2.12903135421819 -1.00000000000000
-183.56366540089948 1299.46658201841637 -2.13508567306741 -1.00000000000000
-183.50103366805706 1299.55957491928712 -2.14066481153316 -1.00000000000000
-183.43553280155174 1299.65446077520028 -2.14731602413531 -1.00000000000000
-183.36819205200300 1299.75233704457060 -2.15331955671588 -1.00000000000000
-183.29738662729505 1299.85434551117942 -2.15992580246246 -1.00000000000000
-183.22325489792274 1299.96042180247605 -2.16601419500664 -1.00000000000000
-183.14565795107046 1300.07035379111767 -2.17260896217381 -1.00000000000000
-183.06633036106359 1300.18136048084125 -2.17870935931831 -1.00000000000000
-182.98450022703037 1300.29470001766458 -2.18578359707819 -1.00000000000000
-182.90240646823077 1300.40668667992577 -2.19217806613685 -1.00000000000000
-182.81962933734758 1300.51946010487154 -2.19846553671707 -1.00000000000000
-182.73674429580569 1300.63054442498833 -2.20449936102869 -1.00000000000000
-182.65317685017362 1300.74253040226176 -2.21051483817782 -1.00000000000000
-182.56856033147778 1300.85309135960415 -2.21687767482420 -1.00000000000000
-182.48293382086558 1300.96544885821640 -2.22257268928188 -1.00000000000000
-182.39490495552309 1301.07831633463502 -2.22846851551980 -1.00000000000000
-182.30589951208094 1301.19268544204533 -2.23479355180860 -1.00000000000000
-182.21433121914743 1301.30711580486968 -2.24044393795223 -1.00000000000000
-182.12103157211095 1301.42416052473709 -2.24738305219068 -1.00000000000000
-182.05729288456496 1301.50233836192638 -2.25176773850772 -1.00000000000000
-181.99189237010432 1301.58170728245750 -2.25622291064530 -1.00000000000000
-181.92541427281685 1301.66155497217551 -2.26170664484138 -1.00000000000000
-181.85795306507498 1301.74184390250593 -2.26686301492888 -1.00000000000000
-181.78933781717205 1301.82246708590537 -2.27116981977268 -1.00000000000000
-181.71968547836877 1301.90353622240946 -2.27609694295109 -1.00000000000000
-181.64899306639563 1301.98510728077963 -2.28152897711611 -1.00000000000000
-181.57722053723410 1302.06680047465488 -2.28582834654753 -1.00000000000000
-181.50520092318766 1302.14845724310726 -2.28938921641915 -1.00000000000000
-181.43286975572119 1302.22971608256921 -2.29344502410719 -1.00000000000000
-181.36097385967150 1302.30981360981241 -2.29834750469137 -1.00000000000000
-181.28919573215535 1302.38870613556355 -2.30206050199860 -1.00000000000000
-181.21706841129344 1302.46724756108597 -2.30529799489029 -1.00000000000000
-181.14576281886548 1302.54487562132999 -2.30978917876177 -1.00000000000000
-181.07503040786833 1302.62054657377303 -2.31422703213794 -1.00000000000000
-181.00508620892651 1302.69526584306732 -2.31758009849915 -1.00000000000000
-180.93525189068168 1302.76872199960053 -2.32151222469065 -1.00000000000000
-180.86593418550910 1302.84117066068575 -2.32603734163349 -1.00000000000000
-180.76266933779698 1302.94735666923225 -2.33079341850188 -1.00000000000000
-180.66004433960188 1303.05185241764411 -2.33755986041702 -1.00000000000000
-180.55746534949867 1303.15429104631767 -2.34343862917256 -1.00000000000000
-180.45570971071720 1303.25491796713322 -2.34878786030007 -1.00000000000000
-180.35584253130946 1303.35257320711389 -2.35281360446102 -1.00000000000000
-180.25661050988128 1303.44817502563819 -2.35585774080252 -1.00000000000000
-180.15912670048419 1303.54177983105183 -2.35851447952934 -1.00000000000000
-180.06311674806057 1303.63228897238150 -2.36019708274150 -1.00000000000000
-179.97010135941673 1303.72010963829234 -2.36145903300321 -1.00000000000000
-179.87852033617673 1303.80453454796225 -2.36218277853129 -1.00000000000000
-179.78946283063851 1303.88770027877763 -2.36216987368896 -1.00000000000000
-179.70176885754336 1303.96678959857672 -2.36325054924400 -1.00000000000000
-179.61785378982313 1304.04426899412647 -2.36277689154733 -1.00000000000000
-179.53523169504479 1304.11738039227203 -2.36340713521131 -1.00000000000000
-179.45664659253089 1304.18932203715667 -2.36285164576849 -1.00000000000000
-179.37843223335221 1304.25741936732084 -2.36368754722622 -1.00000000000000
-179.30247817793861 1304.32629116112366 -2.36291958910364 -1.00000000000000
-179.22523865313269 1304.39251771662384 -2.36309470820629 -1.00000000000000
-179.14919609535718 1304.46125284768641 -2.36110957992682 -1.00000000000000
-179.07186792918947 1304.52749943733215 -2.35990774613056 -1.00000000000000
-178.99489708530018 1304.59734232164919 -2.35697531491937 -1.00000000000000
-178.91560803435277 1304.66535488702357 -2.35449142946109 -1.00000000000000
-178.83731098973658 1304.73700747825205 -2.34944440832977 -1.00000000000000
-178.75654682004824 1304.80627725552768 -2.34520673044102 -1.00000000000000
-178.67757023870945 1304.87945795664564 -2.33844579905991 -1.00000000000000
-178.59569100011140 1304.94982191408053 -2.33299592539858 -1.00000000000000
-178.51561190909706 1305.02523165335879 -2.32533289053059 -1.00000000000000
-178.43222591059748 1305.09758908720687 -2.31927787284264 -1.00000000000000
-178.35250265011564 1305.17418584227562 -2.31025827058712 -1.00000000000000
-178.26943830074742 1305.24724247632548 -2.30415063507490 -1.00000000000000
-178.18985607393552 1305.32498084800318 -2.29517449145548 -1.00000000000000
-178.10628325340804 1305.39877079054713 -2.28923473578554 -1.00000000000000
-178.02651618351229 1305.47825130308047 -2.27954727716412 -1.00000000000000
-177.94346608570777 1305.55303288437426 -2.27195310964381 -1.00000000000000
-177.86464839719702 1305.63409503921866 -2.26116689939216 -1.00000000000000
-177.78152158512967 1305.71085840510204 -2.25313858576210 -1.00000000000000
-177.70300391549245 1305.79427801910788 -2.24177332463828 -1.00000000000000
-177.61999317130540 1305.87301700096577 -2.23317386590861 -1.00000000000000
-177.54244530841243 1305.95832629827783 -2.22185926542100 -1.00000000000000
-177.46066941856407 1306.03823396330699 -2.21270363129178 -1.00000000000000
-177.38481608807342 1306.12485435232520 -2.20046531471823 -1.00000000000000
-177.30499338556547 1306.20609838422388 -2.19101442049394 -1.00000000000000
-177.23219632497057 1306.29245321173221 -2.17898810300734 -1.00000000000000
-177.15660148533061 1306.37180758267641 -2.17006635332561 -1.00000000000000
-177.08835902536521 1306.45524045033380 -2.15872783052697 -1.00000000000000
-177.01743714755867 1306.53055469319224 -2.15091482970646 -1.00000000000000
-176.95490079757292 1306.61025519901887 -2.13955645852817 -1.00000000000000
-176.87168421410024 1306.71052249800414 -2.12761137023162 -1.00000000000000
-176.79360503633507 1306.80638603214175 -2.11558779579263 -1.00000000000000
-176.72090560040670 1306.89819948608056 -2.10442048472957 -1.00000000000000
-176.65228403219953 1306.98641299922019 -2.09343426760688 -1.00000000000000
-176.58778153941967 1307.07201606035233 -2.08325158280372 -1.00000000000000
-176.52793357660994 1307.15322769340128 -2.07322996223047 -1.00000000000000
-176.45648889569566 1307.24838042678311 -2.06219694073354 -1.00000000000000
-176.39437844778877 1307.34241804387420 -2.04995921294796 -1.00000000000000
-176.33474826329621 1307.42746055731550 -2.03916437778855 -1.00000000000000
-176.28165422310121 1307.51318776514381 -2.02684347997058 -1.00000000000000
-176.21882988675497 1307.61511705350131 -2.01158193009165 -1.00000000000000
-176.16612364782486 1307.70199495507404 -1.99802908592112 -1.00000000000000
-176.11411846079864 1307.79921228857711 -1.98312107808901 -1.00000000000000
-176.05997617833782 1307.89827343309298 -1.97451680715838 -1.00000000000000
-176.00715166865848 1308.00457360688597 -1.96942875582920 -1.00000000000000
-175.96275057911407 1308.09489285061136 -1.96789605528143 -1.00000000000000
-175.91662308166269 1308.19221217185259 -1.96704421676323 -1.00000000000000
-175.86793740751455 1308.29756860760972 -1.96632528732418 -1.00000000000000
-175.81761553988326 1308.40906688012183 -1.96505605273736 -1.00000000000000
-175.76834016555222 1308.52107519516721 -1.96380582617814 -1.00000000000000
-175.72304527554661 1308.62643598578870 -1.96234802286976 -1.00000000000000
-175.67821261298377 1308.73329027229920 -1.96081096764237 -1.00000000000000
-175.63595688494388 1308.83583130687475 -1.95874937488071 -1.00000000000000
-175.59692076931242 1308.93285643216223 -1.95688710744853 -1.00000000000000
-175.55383137479657 1309.04524077754468 -1.95315931047762 -1.00000000000000
-175.51382920710603 1309.14856088953093 -1.95041468427650 -1.00000000000000
-175.47918865946122 1309.24355062376708 -1.94707977329203 -1.00000000000000
-175.44185744912829 1309.34624089952558 -1.94351315702080 -1.00000000000000
-175.40206992370076 1309.45675128931180 -1.93915748629745 -1.00000000000000
-175.36738830886316 1309.55906156357378 -1.93464650807290 -1.00000000000000
-175.33232283173129 1309.65921878255904 -1.93093482549914 -1.00000000000000
-175.29837594734272 1309.75633007753640 -1.92779389494223 -1.00000000000000
-175.25788988557179 1309.87111261347309 -1.92407373064956 -1.00000000000000
-175.21992392221000 1309.98101317184046 -1.92106281883200 -1.00000000000000
-175.18473849270958 1310.08048524009064 -1.91915035194728 -1.00000000000000
-175.14658341021277 1310.18870150484145 -1.91774986058578 -1.00000000000000
-175.10564920859179 1310.30564324371517 -1.91502842851662 -1.00000000000000
-175.06238849286456 1310.43028000928462 -1.91317339941053 -1.00000000000000
-175.02745529508684 1310.52867908449844 -1.91157346130309 -1.00000000000000
-174.99266537954099 1310.63183870911598 -1.91026553744975 -1.00000000000000
-174.95580295199761 1310.73588562197983 -1.90953366422971 -1.00000000000000
-174.92112101474777 1310.83886076649651 -1.90731546683046 -1.00000000000000
-174.88675874168985 1310.93667691992596 -1.90705542978076 -1.00000000000000
-174.85315503180027 1311.03777109459043 -1.90513585362428 -1.00000000000000
-174.81941167177865 1311.13450983865187 -1.90470925936253 -1.00000000000000
-174.77767402579775 1311.25773482583463 -1.90270258836813 -1.00000000000000
-174.73822201089934 1311.37458818918094 -1.90145867007386 -1.00000000000000
-174.70131435978692 1311.48404951021075 -1.90004218796209 -1.00000000000000
-174.66702457447536 1311.58575584506616 -1.89844043497478 -1.00000000000000
-174.62803108786466 1311.70314626488835 -1.89701017289522 -1.00000000000000
-174.59270553063834 1311.80706373741850 -1.89559820176313 -1.00000000000000
-174.55587871000171 1311.91777437040582 -1.89396202731945 -1.00000000000000
-174.52346113487147 1312.01484967814758 -1.89248478882244 -1.00000000000000
-174.49139266018756 1312.11065124580637 -1.89105783899128 -1.00000000000000
