-170.64238851441769 1296.61288015730679 2.98857354296577 1.00000000000000
-170.75520221039187 1296.63512305077165 2.99023766818019 1.00000000000000
-170.85728903522249 1296.65261468151584 2.99145427372934 1.00000000000000
-170.95889880950563 1296.66972215706483 2.99168935235824 1.00000000000000
-171.07989923091372 1296.68969478970394 2.99201500352524 1.00000000000000
-171.18242132739397 1296.70586806116626 2.99257438630138 1.00000000000000
-171.29490517487284 1296.72376366192475 2.99202919600869 1.00000000000000
-171.41740086034406 1296.74286806536838 2.99160387183836 1.00000000000000
-171.54844828380737 1296.76383536960930 2.99044315021994 1.00000000000000
-171.68940761155682 1296.78547858679667 2.99008964260574 1.00000000000000
-171.83747990475968 1296.80929946433753 2.98767376055684 1.00000000000000
-171.94120103819296 1296.82581589650363 2.98629423128603 1.00000000000000
-172.04887070180848 1296.84305629134178 2.98566681815202 1.00000000000000
-172.15965182456421 1296.86076807975769 2.98401082912357 1.00000000000000
-172.27435384568525 1296.87930929660797 2.98221819583748 1.00000000000000
-172.39114248554688 1296.89815262332559 2.98141889446182 1.00000000000000
-172.51083966193255 1296.91776122199371 2.97951726981897 1.00000000000000
-172.63442398828920 1296.93847843073308 2.97735371129227 1.00000000000000
-172.76099197333679 1296.95990036241710 2.97602568569264 1.00000000000000
-172.89052385056857 1296.98174987128004 2.97447312236474 1.00000000000000
-173.02212903869804 1297.00422898633406 2.97199672643769 1.00000000000000
-173.15562226675684 1297.02727366192266 2.97009521608812 1.00000000000000
-173.29209780413657 1297.05078327376395 2.96880556735923 1.00000000000000
-173.42955310211983 1297.07507452229038 2.96653752313320 1.00000000000000
-173.56900711334310 1297.09983383305371 2.96436685347215 1.00000000000000
-173.71030007681111 1297.12557339807972 2.96263899842700 1.00000000000000
-173.85258861765033 1297.15183905418962 2.96061529255169 1.00000000000000
-173.99580708530266 1297.17915192106739 2.95800371569527 1.00000000000000
-174.13982268061955 1297.20711780898273 2.95538675610939 1.00000000000000
-174.28473665023921 1297.23572316626087 2.95273058662590 1.00000000000000
-174.43151289131492 1297.26503215823323 2.94973791673387 1.00000000000000
-174.58026284968946 1297.29499375633895 2.94661226604279 1.00000000000000
-174.72986516944366 1297.32567798485979 2.94375607261225 1.00000000000000
-174.88124940922717 1297.35762172797695 2.94059523067128 1.00000000000000
-175.03451121982653 1297.39026877377182 2.93745313156308 1.00000000000000
-175.18860862415750 1297.42412109207362 2.93450183446094 1.00000000000000
-175.34446984459646 1297.45897227665409 2.93131788936833 1.00000000000000
-175.50121265347116 1297.49470749404281 2.92778330691626 1.00000000000000
-175.65974868903868 1297.53142575128004 2.92429164023042 1.00000000000000
-175.82027655642014 1297.56860547512770 2.92099229427708 1.00000000000000
-175.98264596669469 1297.60681368224323 2.91729000375548 1.00000000000000
-176.14682447561063 1297.64598106965423 2.91389091433806 1.00000000000000
-176.31266696465900 1297.68657225975767 2.91016807353930 1.00000000000000
-176.48119358823169 1297.72894202079624 2.90623578320985 1.00000000000000
-176.65247720613843 1297.77262157062069 2.90241282518932 1.00000000000000
-176.82549969881075 1297.81763099366799 2.89836161644121 1.00000000000000
-177.00019389414228 1297.86442107474431 2.89417319882500 1.00000000000000
-177.17757751396857 1297.91283260518685 2.89013257390515 1.00000000000000
-177.35759147239150 1297.96309213805944 2.88616649817579 1.00000000000000
-177.54025810002349 1298.01490221079439 2.88284204115799 1.00000000000000
-177.72569985466544 1298.06826168298721 2.88082713000028 1.00000000000000
-177.91306198434904 1298.12234607758000 2.87931932198408 1.00000000000000
-178.10329773707781 1298.17745505832136 2.87875592790021 1.00000000000000
-178.19962415844202 1298.20626776153222 2.87852932535401 1.00000000000000
-178.39211231470108 1298.26281883660704 2.87837606080735 1.00000000000000
-178.48838632658590 1298.29007737105712 2.87878145235311 1.00000000000000
-178.58612645487301 1298.31979850772768 2.87858261793314 1.00000000000000
-178.68335490941536 1298.34731995407492 2.87892252398330 1.00000000000000
-178.78168849751819 1298.37723111175001 2.87884450317085 1.00000000000000
-178.87941288645379 1298.40487465774640 2.87910230167532 1.00000000000000
-178.97874300804688 1298.43444511992857 2.87903649073384 1.00000000000000
-179.07742242462700 1298.46232598880306 2.87937049338314 1.00000000000000
-179.17766499461140 1298.49252998735756 2.87899250423025 1.00000000000000
-179.27731070166919 1298.52070810273290 2.87905443478642 1.00000000000000
-179.37809831718914 1298.55071966210380 2.87897675754061 1.00000000000000
-179.47823160432745 1298.57898877467960 2.87959659577875 1.00000000000000
-179.57948868104722 1298.60923953773454 2.87972905254889 1.00000000000000
-179.68011476867832 1298.63760803174227 2.88004618301371 1.00000000000000
-179.78161373047624 1298.66866969224066 2.87961163153315 1.00000000000000
-179.88267732009990 1298.69717653933913 2.87977322187963 1.00000000000000
-179.98463736986741 1298.72808289574459 2.87936180225686 1.00000000000000
-180.08620830101427 1298.75675700465217 2.87951514969635 1.00000000000000
-180.18859500414692 1298.78778799949214 2.87895578999283 1.00000000000000
-180.29063987941481 1298.81665357528254 2.87890308550696 1.00000000000000
-180.39309130131733 1298.84764812653884 2.87820126713018 1.00000000000000
-180.49510894762352 1298.87660888116807 2.87788019757124 1.00000000000000
-180.59707724506734 1298.90766618400812 2.87709162129995 1.00000000000000
-180.69857805594802 1298.93660886073485 2.87665874998000 1.00000000000000
-180.80043938627932 1298.96754959039390 2.87578912646037 1.00000000000000
-180.90191558620427 1298.99660663260147 2.87548672978286 1.00000000000000
-181.00363713386469 1299.02768672816455 2.87482178658314 1.00000000000000
-181.10508583951741 1299.05682428739965 2.87478857505728 1.00000000000000
-181.20643737207865 1299.08735976740718 2.87437668621339 1.00000000000000
-181.30738387745805 1299.11642212048173 2.87421089815943 1.00000000000000
-181.40824640681967 1299.14660796895623 2.87371710569325 1.00000000000000
-181.50868469924899 1299.17559973290190 2.87343861255009 1.00000000000000
-181.60891857999377 1299.20579071436077 2.87283651854252 1.00000000000000
-181.70885379990796 1299.23472795821726 2.87257251558716 1.00000000000000
-181.80845693097217 1299.26533370232210 2.87198490052756 1.00000000000000
-181.90780890383758 1299.29419473791495 2.87173060107724 1.00000000000000
-182.00676265027141 1299.32468480803072 2.87097143482471 1.00000000000000
-182.10581845697016 1299.35355826746672 2.87076314013885 1.00000000000000
-182.20455381856300 1299.38413148140535 2.87013017175508 1.00000000000000
-182.30343957670266 1299.41304483730346 2.86997619001167 1.00000000000000
-182.40184181288350 1299.44329272489995 2.86932992153194 1.00000000000000
-182.50022578146309 1299.47217032872140 2.86892116643177 1.00000000000000
-182.59863091108855 1299.50203378079459 2.86832308109209 1.00000000000000
-182.69700097397435 1299.53099777922034 2.86802109027296 1.00000000000000
-182.79472175624687 1299.56156913191080 2.86727275485662 1.00000000000000
-182.89258042426081 1299.59050624864176 2.86686548543962 1.00000000000000
-182.98978100862587 1299.62082465970889 2.86583524133374 1.00000000000000
-183.08709140750580 1299.64978306181729 2.86497244714703 1.00000000000000
-183.18424820352811 1299.68006451707333 2.86371086999873 1.00000000000000
-183.28151084785350 1299.70921652484685 2.86286586662642 1.00000000000000
-183.37894829892321 1299.74000183073804 2.86162863121343 1.00000000000000
-183.47662888432387 1299.76949223363772 2.86087606533505 1.00000000000000
-183.57482096389867 1299.80086921807379 2.85973128090075 1.00000000000000
-183.67340199975297 1299.83085251227021 2.85883415590772 1.00000000000000
-183.77153500140412 1299.86242995271459 2.85763602277548 1.00000000000000
-183.87004011962563 1299.89260788541287 2.85681243825352 1.00000000000000
-183.96912300679833 1299.92453052755445 2.85565395493400 1.00000000000000
-184.06854080152698 1299.95519080339000 2.85492445130196 1.00000000000000
-184.16829549160320 1299.98814062494785 2.85355996825812 1.00000000000000
-184.26859938423149 1300.01931412192062 2.85272574378228 1.00000000000000
-184.36918211466400 1300.05289552547038 2.85136013745105 1.00000000000000
-184.47037927625934 1300.08459473727271 2.85047863504404 1.00000000000000
-184.57150740828365 1300.11843612184748 2.84936170818094 1.00000000000000
-184.67311181058176 1300.15046051423997 2.84878909009633 1.00000000000000
-184.77556679822737 1300.18500679777935 2.84749099444848 1.00000000000000
-184.87847403698834 1300.21766866510734 2.84673710483318 1.00000000000000
-184.98173413675977 1300.25331289879978 2.84550617775244 1.00000000000000
-185.08561333094258 1300.28648961288854 2.84500579848882 1.00000000000000
-185.18981862603687 1300.32229705480859 2.84383624680010 1.00000000000000
-185.29459079203662 1300.35593324294314 2.84355015274681 1.00000000000000
-185.40027775074122 1300.39222618751228 2.84284505935863 1.00000000000000
-185.50643873488298 1300.42638715961948 2.84305673603282 1.00000000000000
-185.61300962150563 1300.46310230204836 2.84269191476017 1.00000000000000
-185.72013511706609 1300.49759742850438 2.84299297112151 1.00000000000000
-185.82747223670594 1300.53518062271178 2.84238434019294 1.00000000000000
-185.93553438514937 1300.57000402687117 2.84278892067148 1.00000000000000
-186.04390846757451 1300.60773415165022 2.84241002973327 1.00000000000000
-186.15294209413696 1300.64285244699568 2.84300698158890 1.00000000000000
-186.26205968926661 1300.68036736315116 2.84277114934105 1.00000000000000
-186.37155767728109 1300.71563432877883 2.84301724967585 1.00000000000000
-186.48202287574532 1300.75356497708708 2.84265507310618 1.00000000000000
-186.59296024218202 1300.78929902706295 2.84293612146713 1.00000000000000
-186.70431674586143 1300.82796330703422 2.84272484345868 1.00000000000000
-186.81621662958059 1300.86397253721952 2.84333326338141 1.00000000000000
-186.92815794172930 1300.90226293448359 2.84340765500727 1.00000000000000
-187.04055635293480 1300.93834734754637 2.84409185713396 1.00000000000000
-187.15403122710995 1300.97681770287454 2.84408077632481 1.00000000000000
-187.26785097632091 1301.01330242957920 2.84447572133507 1.00000000000000
-187.38151119917165 1301.05153812840581 2.84451436330727 1.00000000000000
-187.49537246517139 1301.08795186597854 2.84517919499074 1.00000000000000
-187.60985260829329 1301.12659747060388 2.84537712956706 1.00000000000000
-187.72469196078600 1301.16323378123343 2.84596844197536 1.00000000000000
-187.84014936280437 1301.20205867895856 2.84578443967604 1.00000000000000
-187.95585068373475 1301.23894334305078 2.84600310097787 1.00000000000000
-188.07137252402026 1301.27808168483898 2.84541363408785 1.00000000000000
-188.18714946648106 1301.31503971293569 2.84548823395160 1.00000000000000
-188.30324925814057 1301.35363859776407 2.84515242449815 1.00000000000000
-188.41951626539230 1301.39077284652740 2.84533609553459 1.00000000000000
-188.53602797258645 1301.42919117957354 2.84503255755076 1.00000000000000
-188.65275743545499 1301.46656111674383 2.84456494714947 1.00000000000000
-188.76819570327643 1301.50554537680000 2.84322068284583 1.00000000000000
-188.88388622633647 1301.54281359910965 2.84243070196297 1.00000000000000
-188.99874233867740 1301.58191802026704 2.84130942559125 1.00000000000000
-189.11389039934147 1301.61923819314688 2.84068705903078 1.00000000000000
-189.22858578001615 1301.65840412536636 2.83942303056260 1.00000000000000
-189.34365958790295 1301.69594309804961 2.83869487386575 1.00000000000000
-189.45772694877815 1301.73526721587405 2.83723492964183 1.00000000000000
-189.57223632058594 1301.77293095365167 2.83616832442883 1.00000000000000
-189.68536315695383 1301.81204441888258 2.83496473451690 1.00000000000000
-189.79885766119696 1301.84958951594308 2.83454096725581 1.00000000000000
-189.91103557962924 1301.88811893016100 2.83375056591946 1.00000000000000
-190.02341952442657 1301.92548298556358 2.83316584085422 1.00000000000000
-190.13407490344252 1301.96467620600015 2.83182118027588 1.00000000000000
-190.24553511606064 1302.00199062703177 2.83094518989055 1.00000000000000
-190.35518618603237 1302.04087126255035 2.82975460935786 1.00000000000000
-190.46564147062600 1302.07806200860068 2.82925533858496 1.00000000000000
-190.57407963013975 1302.11707265395671 2.82829094957943 1.00000000000000
-190.68352506798692 1302.15409970562905 2.82792866317753 1.00000000000000
-190.79113012109883 1302.19239567406476 2.82700023079382 1.00000000000000
-190.89957198745105 1302.22923031821847 2.82670461554358 1.00000000000000
-191.00599814718589 1302.26759840780869 2.82601574413135 1.00000000000000
-191.11348438542336 1302.30418795207515 2.82618372829006 1.00000000000000
-191.21890896093100 1302.34208229091018 2.82624109422682 1.00000000000000
-191.32545756682521 1302.37828908953816 2.82704848953717 1.00000000000000
-191.42972835968249 1302.41615980351344 2.82730851636557 1.00000000000000
-191.53536070825066 1302.45193657558411 2.82823087528456 1.00000000000000
-191.63817850127816 1302.48950062645599 2.82833969917085 1.00000000000000
-191.74240939342417 1302.52471104124561 2.82897094523330 1.00000000000000
-191.84472574404208 1302.56179368309677 2.82899384701487 1.00000000000000
-191.94854569085874 1302.59674058854580 2.83005230789957 1.00000000000000
-192.04958861763589 1302.63310647848994 2.83070858761671 1.00000000000000
-192.15203714731615 1302.66742000496015 2.83175669360192 1.00000000000000
-192.25211715273326 1302.70320023177192 2.83228276525587 1.00000000000000
-192.35366493696347 1302.73703978955746 2.83326169390298 1.00000000000000
-192.45330437633675 1302.77239802014083 2.83352210892361 1.00000000000000
-192.55440547736362 1302.80595823749900 2.83429685358571 1.00000000000000
-192.65308929223102 1302.84085556864738 2.83452166989514 1.00000000000000
-192.75329249579227 1302.87395798275247 2.83578925019281 1.00000000000000
-192.85110759164672 1302.90826307563111 2.83645962797914 1.00000000000000
-192.95043273793999 1302.94086276832968 2.83788022360660 1.00000000000000
-193.04733266157564 1302.97448390861973 2.83860429600846 1.00000000000000
-193.14575327641796 1303.00660425610840 2.83955258768990 1.00000000000000
-193.24050039146096 1303.03918425412849 2.83989983177335 1.00000000000000
-193.33658105705399 1303.07038265373558 2.84092340125307 1.00000000000000
-193.52185947366524 1303.13199119269848 2.84301253224090 1.00000000000000
-193.70973171119113 1303.19419350195676 2.84471989591346 1.00000000000000
-193.89514626946766 1303.25487706437707 2.84589784917111 1.00000000000000
-194.07944589410909 1303.31535421824083 2.84754755735108 1.00000000000000
-194.26196041132789 1303.37472086027265 2.84973732100483 1.00000000000000
-194.44274585426319 1303.43299090676010 2.85189496884948 1.00000000000000
-194.62167222029530 1303.49032327812165 2.85421625784521 1.00000000000000
-194.79777962365188 1303.54651069361717 2.85642178772569 1.00000000000000
-194.97202601254685 1303.60169257083908 2.85874575472260 1.00000000000000
-195.14449305622838 1303.65565499011427 2.86110857111433 1.00000000000000
-195.31516561866738 1303.70854511763901 2.86329300329478 1.00000000000000
-195.48395303060533 1303.76072837412357 2.86514160678980 1.00000000000000
-195.65096593520138 1303.81178468978032 2.86712076102913 1.00000000000000
-195.81628437613836 1303.86142517114058 2.86933858720887 1.00000000000000
-195.97879433375783 1303.90996143221855 2.87163445206511 1.00000000000000
-196.13935836183373 1303.95771228056401 2.87399239358055 1.00000000000000
-196.29809547099285 1304.00443216972053 2.87606238269147 1.00000000000000
-196.45487127616070 1304.05043800966814 2.87814586230185 1.00000000000000
-196.61006616085069 1304.09521405631676 2.88070638013606 1.00000000000000
-196.76428977318574 1304.13944044942036 2.88243213585688 1.00000000000000
-196.91573584266007 1304.18240766134113 2.88406231345152 1.00000000000000
-197.06431451742537 1304.22422256646678 2.88622804431860 1.00000000000000
-197.20997646643082 1304.26491023274139 2.88846208502446 1.00000000000000
-197.35083538835170 1304.30437450436875 2.89008327804603 1.00000000000000
-197.48701429943321 1304.34163109492511 2.89180089608420 1.00000000000000
-197.61828800704097 1304.37742312345654 2.89407839427116 1.00000000000000
-197.74369812279474 1304.41152614960447 2.89580856759596 1.00000000000000
-197.86325888196006 1304.44395900145173 2.89668790216811 1.00000000000000
-197.97705386613961 1304.47426774492487 2.89859261500418 1.00000000000000
-198.08397488860646 1304.50269546872005 2.90062468800876 1.00000000000000
-198.18303754524095 1304.52903330838308 2.90128551659333 1.00000000000000
-198.31372581282631 1304.56419939408079 2.90254235556988 1.00000000000000
-198.42886477406137 1304.59458516165614 2.90462490994308 1.00000000000000
-198.54509581020102 1304.62592640798539 2.90515972804331 1.00000000000000
-198.64323957980378 1304.65222356375307 2.90663326765765 1.00000000000000
-198.53755954321241 1304.62657990865409 2.91109129993297 -1.00000000000000
-198.41570434055757 1304.59625544864684 2.91850827056416 -1.00000000000000
-198.31372803472914 1304.57106904219836 2.92633274646993 -1.00000000000000
-198.19478321122006 1304.54233482154086 2.93535617830109 -1.00000000000000
-198.05808353249449 1304.51064783055335 2.94681358992359 -1.00000000000000
-197.94820849329699 1304.48675484815612 2.95649085476749 -1.00000000000000
-197.82250912557356 1304.45891617517918 2.96625617605845 -1.00000000000000
-197.69384439894930 1304.43297044932842 2.97691643237226 -1.00000000000000
-197.55022894707508 1304.40280060656369 2.98719339723907 -1.00000000000000
-197.45190541096963 1304.38343635806814 2.99460124634189 -1.00000000000000
-197.34995902352966 1304.36387178581208 3.00194539824041 -1.00000000000000
-197.24477171106264 1304.34399815462530 3.00952298525934 -1.00000000000000
-197.13567966956180 1304.32378710992634 3.01752266800426 -1.00000000000000
-197.02310258551734 1304.30350866774097 3.02580905580808 -1.00000000000000
-196.90761145087890 1304.28306841664016 3.03406227191694 -1.00000000000000
-196.78881462145364 1304.26259596459568 3.04280992990948 -1.00000000000000
-196.66684456402436 1304.24177416227758 3.05198917597007 -1.00000000000000
-196.54272691078950 1304.22105560591444 3.06149552534868 -1.00000000000000
-196.41516279487405 1304.20052670408040 3.07055411028468 -1.00000000000000
-196.28404816158582 1304.17979650432244 3.07982503094903 -1.00000000000000
-196.15005589730572 1304.15905175777152 3.08964758874915 -1.00000000000000
-196.01311691466253 1304.13871253374964 3.09906389889097 -1.00000000000000
-195.87334290653234 1304.11843423219398 3.10833603474430 -1.00000000000000
-195.73097474826500 1304.09863206604496 3.11792084196347 -1.00000000000000
-195.58653091778979 1304.07954777544364 3.12741480864307 -1.00000000000000
-195.44052260357421 1304.06152124656364 3.13712069899975 -1.00000000000000
-195.29341892700177 1304.04530839109793 -3.13588850200907 -1.00000000000000
-195.14495181210805 1304.03049363987520 -3.12492841601910 -1.00000000000000
-194.99535973020829 1304.01699183508754 -3.11397069736621 -1.00000000000000
-194.84550360252615 1304.00451661553234 -3.10349551124058 -1.00000000000000
-194.69502304063644 1303.99449779512361 -3.09258904484790 -1.00000000000000
-194.54511233838275 1303.98633644962683 -3.08110208040875 -1.00000000000000
-194.39596224995330 1303.97973054833710 -3.06963916801134 -1.00000000000000
-194.24692793958820 1303.97550116991624 -3.05778390350363 -1.00000000000000
-194.09887886041543 1303.97317147860304 -3.04555964479692 -1.00000000000000
-193.95265159272822 1303.97344868583605 -3.03282876216387 -1.00000000000000
-193.80773845908698 1303.97647301154211 -3.01956127242435 -1.00000000000000
-193.66412771190517 1303.98184661148116 -3.00587480697061 -1.00000000000000
-193.52182068047114 1303.98948660632595 -2.99101857154790 -1.00000000000000
-193.38083515397739 1303.99948118161410 -2.97602607272852 -1.00000000000000
-193.24136356025701 1304.01199720147997 -2.96127820816074 -1.00000000000000
-193.10333287098911 1304.02649377333000 -2.94628197976844 -1.00000000000000
-192.96670277928934 1304.04339777445421 -2.93034898250143 -1.00000000000000
-192.83190436707810 1304.06252147257328 -2.91473387578500 -1.00000000000000
-192.69935616164003 1304.08349590934813 -2.89965077977146 -1.00000000000000
-192.56863862019964 1304.10636568255723 -2.88372610854080 -1.00000000000000
-192.44046606664779 1304.13125991774723 -2.86771867520450 -1.00000000000000
-192.31526144297095 1304.15785949537531 -2.85187679018767 -1.00000000000000
-192.19288319192128 1304.18596212659031 -2.83541077680881 -1.00000000000000
-192.07256542122923 1304.21600317303091 -2.81775396160515 -1.00000000000000
-191.95492544840090 1304.24781144736335 -2.80063507986851 -1.00000000000000
-191.84026248438749 1304.28075381089002 -2.78367092540820 -1.00000000000000
-191.72896679153200 1304.31470487965271 -2.76622260984833 -1.00000000000000
-191.62025768333115 1304.35003886045888 -2.74917369583969 -1.00000000000000
-191.51456070208224 1304.38636343786493 -2.73258672776365 -1.00000000000000
-191.41210428532213 1304.42357897665352 -2.71555158579189 -1.00000000000000
-191.31268370151520 1304.46142530767247 -2.69867921737452 -1.00000000000000
-191.21654366888106 1304.50005187932402 -2.68188240011228 -1.00000000000000
-191.12339199439157 1304.53914432972670 -2.66433888273676 -1.00000000000000
-190.99038990400732 1304.60105575621128 -2.63869218703675 -1.00000000000000
-190.86368572642095 1304.65704650012776 -2.61432252650726 -1.00000000000000
-190.74471243965672 1304.71921251621097 -2.58892311991463 -1.00000000000000
-190.63223699893570 1304.77545240614563 -2.56575794538995 -1.00000000000000
-190.52697042265208 1304.83690388873219 -2.54154461139830 -1.00000000000000
-190.42768765625078 1304.89175404980779 -2.52043808081057 -1.00000000000000
-190.33434970898088 1304.95181971928105 -2.49819742586189 -1.00000000000000
-190.24784445774276 1305.00377221871167 -2.47914561655419 -1.00000000000000
-190.14154941309243 1305.07430775929242 -2.45419638628276 -1.00000000000000
-190.04689079395030 1305.14017085451633 -2.43245233176276 -1.00000000000000
-189.96325724222697 1305.20075457450002 -2.41215543411497 -1.00000000000000
-189.87397258961573 1305.27000882104039 -2.39094390445416 -1.00000000000000
-189.78954877541400 1305.33541275281459 -2.36941758239894 -1.00000000000000
-189.70844928047154 1305.39942297292873 -2.34470849474487 -1.00000000000000
-189.63257189316209 1305.46769617917016 -2.31642326093123 -1.00000000000000
-189.55333020532271 1305.54283164348453 -2.28866079230244 -1.00000000000000
-189.48205422452884 1305.61687880801037 -2.26385114973426 -1.00000000000000
-189.40854983823374 1305.69891102006659 -2.23927820195648 -1.00000000000000
-189.33294316311367 1305.78850537911057 -2.21571905177477 -1.00000000000000
-189.26914267777465 1305.86876572109759 -2.19733731258228 -1.00000000000000
-189.20644525001990 1305.95026066480204 -2.18134504770089 -1.00000000000000
-189.14186696510296 1306.03886108798906 -2.17125685450510 -1.00000000000000
-189.07848478562664 1306.12972678337246 -2.16589846709233 -1.00000000000000
-189.01150974776829 1306.22850084677339 -2.16235871238180 -1.00000000000000
-188.95623296475969 1306.31280763028190 -2.15920834213743 -1.00000000000000
-188.89982289698673 1306.40154615184292 -2.15518842204343 -1.00000000000000
-188.84151114302222 1306.49539159936830 -2.15129065088592 -1.00000000000000
-188.78184757899726 1306.59333671955392 -2.14655053790410 -1.00000000000000
-188.72120613505831 1306.69556890428066 -2.14172884239760 -1.00000000000000
-188.65989020094275 1306.80129800038412 -2.13641904763435 -1.00000000000000
-188.59798732330091 1306.91018923744559 -2.13077447150222 -1.00000000000000
-188.53526612638962 1307.02352629927918 -2.12508306829183 -1.00000000000000
-188.47133428836241 1307.14091951353475 -2.11935302935482 -1.00000000000000
-188.42506524903001 1307.23238882794976 -2.11394665858379 -1.00000000000000
-188.37402566021774 1307.32364460406825 -2.11094452338236 -1.00000000000000
-188.32671969220974 1307.41983762802556 -2.10548097982849 -1.00000000000000
-188.27454546536319 1307.51478815265000 -2.10260456461691 -1.00000000000000
-188.22572787373792 1307.61590783251449 -2.09713483057466 -1.00000000000000
-188.17154903308256 1307.71663041971624 -2.09384732714551 -1.00000000000000
-188.12026292510564 1307.82409432111308 -2.08800581434569 -1.00000000000000
-188.06238959089387 1307.93317011184990 -2.08496516873452 -1.00000000000000
-188.00778012047522 1308.04834445053712 -2.07933246905803 -1.00000000000000
-187.94725973671302 1308.16403109021485 -2.07644641902395 -1.00000000000000
-187.88961752515752 1308.28684011334553 -2.07114605007263 -1.00000000000000
-187.82595473300898 1308.41008176887408 -2.06857802586832 -1.00000000000000
-187.76553168456303 1308.54019782925025 -2.06365075759327 -1.00000000000000
-187.69919652532553 1308.67058570496738 -2.06135696647998 -1.00000000000000
-187.63613903563237 1308.80634582042694 -2.05700240580813 -1.00000000000000
-187.59184136101976 1308.89771376643330 -2.05447219762093 -1.00000000000000
-187.54702541616280 1308.99036470288411 -2.05279280489883 -1.00000000000000
-187.50108866818482 1309.08477356564254 -2.05133501715721 -1.00000000000000
-187.45428503060248 1309.18094254378229 -2.04872284602916 -1.00000000000000
-187.40692824102007 1309.27871168358251 -2.04631850356874 -1.00000000000000
-187.35893668147037 1309.37773974938318 -2.04511530735233 -1.00000000000000
-187.31001787807327 1309.47821350349113 -2.04287731255365 -1.00000000000000
-187.26008585898671 1309.58019795455039 -2.04092225863619 -1.00000000000000
-187.20911960722879 1309.68426987947896 -2.03984733619714 -1.00000000000000
-187.15754980465863 1309.78954212693498 -2.03882607749122 -1.00000000000000
-187.10510024381801 1309.89634121675044 -2.03734138509455 -1.00000000000000
-187.05204741167836 1310.00445080734789 -2.03609899342577 -1.00000000000000
-186.99785259668715 1310.11387549992651 -2.03585868889796 -1.00000000000000
-186.94325319182826 1310.22376984264702 -2.03529762981760 -1.00000000000000
-186.88868782267673 1310.33415647875518 -2.03381879665859 -1.00000000000000
-186.83373425406171 1310.44499585591257 -2.03299441961850 -1.00000000000000
-186.77834960364271 1310.55619695736095 -2.03306010479986 -1.00000000000000
-186.72267184732482 1310.66730528278276 -2.03162119503871 -1.00000000000000
-186.66741936909966 1310.77752849133685 -2.03092188239340 -1.00000000000000
-186.61273338546744 1310.88693651324138 -2.03074259087214 -1.00000000000000
-186.55876092467224 1310.99351230822504 -2.03026622921107 -1.00000000000000
-186.50611962657422 1311.09739370364696 -2.02971887622342 -1.00000000000000
-186.45286428660620 1311.20231035118923 -2.02996194317264 -1.00000000000000
-186.39967466372764 1311.30681404285133 -2.02998621243144 -1.00000000000000
-186.34684492193628 1311.41031543537974 -2.02966960180143 -1.00000000000000
-186.29449221387040 1311.51281932555139 -2.02979290460755 -1.00000000000000
-186.24255460686982 1311.61388791631907 -2.03007595738042 -1.00000000000000
-186.19137544720434 1311.71346968365833 -2.02985140166877 -1.00000000000000
-186.14066428836668 1311.81167546240613 -2.02964884281592 -1.00000000000000
-186.09052477031946 1311.90815685316920 -2.02976777514032 -1.00000000000000
-186.04108616523445 1312.00345573993400 -2.02980931329577 -1.00000000000000
-185.99289632332511 1312.09569858340546 -2.02982043453922 -1.00000000000000
-185.92549437412526 1312.22515976242721 -2.02927103892991 -1.00000000000000
-185.86505729262717 1312.33965876325965 -2.02936185157191 -1.00000000000000
-185.81234816106735 1312.44030125532299 -2.02920519486197 -1.00000000000000
-185.75584687408991 1312.54735805001110 -2.02904429392040 -1.00000000000000
-185.70807287108619 1312.63668468268588 -2.02879867924139 -1.00000000000000
-185.75717144401278 1312.53475259244442 -2.01880236527511 1.00000000000000
-185.80589182954282 1312.43526768824086 -2.01168281010865 1.00000000000000
-185.85142545832787 1312.34147617453709 -2.00434506116917 1.00000000000000
-185.90248815144878 1312.23435790743679 -1.99499737302183 1.00000000000000
-185.95960545574781 1312.11164920311421 -1.98489377422307 1.00000000000000
-186.00513230357319 1312.01152093987912 -1.97625510706703 1.00000000000000
-186.05528696870897 1311.89883816475049 -1.96699567744982 1.00000000000000
-186.10578250890831 1311.78172275098041 -1.95652401449572 1.00000000000000
-186.16080046887510 1311.65131233632565 -1.94588510057747 1.00000000000000
-186.21537152118981 1311.51745699625462 -1.93409469287191 1.00000000000000
-186.25332574162167 1311.42200284590945 -1.92572095329772 1.00000000000000
-186.29184182855533 1311.32248992705718 -1.91678870920346 1.00000000000000
-186.33089535729960 1311.21884432388470 -1.90707782855430 1.00000000000000
-186.36988370877225 1311.11194574926049 -1.89729568435130 1.00000000000000
-186.40888262522640 1311.00186277693138 -1.88696970647372 1.00000000000000
-186.44771107094130 1310.88854565517977 -1.87584481491988 1.00000000000000
-186.48638542357367 1310.77106926497072 -1.86416807018511 1.00000000000000
-186.52453619526932 1310.65017915330827 -1.85264207150079 1.00000000000000
-186.56199707643827 1310.52594500081614 -1.84100769612426 1.00000000000000
-186.59841299487744 1310.39908791147172 -1.82771458425972 1.00000000000000
-186.63397804019041 1310.26909689884633 -1.81479434574538 1.00000000000000
-186.66863588290289 1310.13475547917187 -1.80189470211072 1.00000000000000
-186.70201757329050 1309.99780719866976 -1.78793409741704 1.00000000000000
-186.73403459653491 1309.85756542719901 -1.77319275208689 1.00000000000000
-186.76462097029435 1309.71391503326595 -1.75833575059260 1.00000000000000
-186.79345498152543 1309.56677186395973 -1.74286239535279 1.00000000000000
-186.82026675343513 1309.41619150200859 -1.72726133181354 1.00000000000000
-186.84503949154168 1309.26223121536896 -1.71038218611358 1.00000000000000
-186.86738893896108 1309.10562724480405 -1.69203602129970 1.00000000000000
-186.88711480138591 1308.94574317010120 -1.67378994550324 1.00000000000000
-186.90427880402422 1308.78258040966466 -1.65404897402734 1.00000000000000
-186.91847000992857 1308.61604305170476 -1.63328204494572 1.00000000000000
-186.92939728434430 1308.44536702055484 -1.61408815671938 1.00000000000000
-186.93705084931571 1308.27234610123560 -1.59380948716551 1.00000000000000
-186.94070686085615 1308.09627666464075 -1.57084563969142 1.00000000000000
-186.94009274925338 1307.91724513331428 -1.54713138460564 1.00000000000000
-186.93503573385533 1307.73516293382272 -1.52373413840858 1.00000000000000
-186.92533002793789 1307.55118091730401 -1.49959394651056 1.00000000000000
-186.91111663321499 1307.36555017158389 -1.47491985547917 1.00000000000000
-186.89243554673158 1307.17925964202732 -1.45098432698040 1.00000000000000
-186.86883900489192 1306.99341436382383 -1.42554071873920 1.00000000000000
-186.84041613643058 1306.80741539690644 -1.39944289041653 1.00000000000000
-186.80708896834403 1306.62213509110734 -1.37486008751404 1.00000000000000
-186.76898215891561 1306.43784632254392 -1.34962332134485 1.00000000000000
-186.72627507569268 1306.25475149275735 -1.32281428233261 1.00000000000000
-186.67891378840432 1306.07306546391919 -1.29582110596075 1.00000000000000
-186.62612689333037 1305.89281409466639 -1.26971411358565 1.00000000000000
-186.56889682507608 1305.71488710213453 -1.24332901877195 1.00000000000000
-186.50700501538813 1305.53887324919924 -1.21548891272427 1.00000000000000
-186.44037904532161 1305.36569728935137 -1.18783881984737 1.00000000000000
-186.36937564396067 1305.19447787804529 -1.16145321412060 1.00000000000000
-186.29340083320858 1305.02463895315304 -1.13416372995470 1.00000000000000
-186.21314758050721 1304.85783699015155 -1.10654420346293 1.00000000000000
-186.12862509198021 1304.69432503636926 -1.07925363847356 1.00000000000000
-186.04008142638486 1304.53423219081014 -1.05177226740893 1.00000000000000
-185.94754465483129 1304.37686743540689 -1.02429868693591 1.00000000000000
-185.85040639550425 1304.22239115880802 -0.99661682919276 1.00000000000000
-185.74947398493532 1304.07155909296125 -0.96811592049350 1.00000000000000
-185.64551831677090 1303.92528488114476 -0.93837215238314 1.00000000000000
-185.53526250657160 1303.78351629432291 -0.90707941456322 1.00000000000000
-185.42099917004816 1303.64518468966708 -0.87579343015453 1.00000000000000
-185.30316278839018 1303.51220563612878 -0.84352586919169 1.00000000000000
-185.18211232760223 1303.38393681542948 -0.81202023115103 1.00000000000000
-185.05719472753117 1303.25982670299709 -0.78125462177649 1.00000000000000
-184.92917476058938 1303.14022383093834 -0.74934898249331 1.00000000000000
-184.79892734775785 1303.02623457182199 -0.71708475162654 1.00000000000000
-184.66540199937299 1302.91657700762153 -0.68592540001642 1.00000000000000
-184.52915143850259 1302.81190565461293 -0.65404313751288 1.00000000000000
-184.39062777842628 1302.71214462770149 -0.62255031679212 1.00000000000000
-184.25089896790450 1302.61774122528732 -0.59230170638607 1.00000000000000
-184.10907871025847 1302.52861040178686 -0.56079147338931 1.00000000000000
-183.96560979285277 1302.44443999929354 -0.52913159276233 1.00000000000000
-183.82070284348447 1302.36533184442669 -0.49781304408016 1.00000000000000
-183.67397776461439 1302.29169347975403 -0.46583447247647 1.00000000000000
-183.52606193034444 1302.22318243794143 -0.43379662842502 1.00000000000000
-183.37704201234737 1302.15991308586672 -0.40229939745890 1.00000000000000
-183.22726237290772 1302.10173550527543 -0.37151700578570 1.00000000000000
-183.07659064239124 1302.04879778018221 -0.34104797289926 1.00000000000000
-182.92631134879775 1302.00107936467975 -0.31229409724775 1.00000000000000
-182.77580079011386 1301.95826173946261 -0.28504886939153 1.00000000000000
-182.62591686320957 1301.92028299020603 -0.25809145496807 1.00000000000000
-182.47710143204313 1301.88681115675718 -0.23281731633087 1.00000000000000
-182.32880711450707 1301.85714721586555 -0.21110203626884 1.00000000000000
-182.18107866815990 1301.83085829904303 -0.19124717347620 1.00000000000000
-182.03421823692042 1301.80708552291617 -0.17265543213493 1.00000000000000
-181.88922769168857 1301.78569289296865 -0.15708831057877 1.00000000000000
-181.74518497748068 1301.76642907271162 -0.14391150479991 1.00000000000000
-181.60148411069531 1301.74823453836143 -0.13230393610979 1.00000000000000
-181.45871147379512 1301.73135168245062 -0.12343483836955 1.00000000000000
-181.31716465513455 1301.71515228273347 -0.11710500066384 1.00000000000000
-181.17820974218193 1301.69751215726137 -0.11429245324921 1.00000000000000
-181.04072209494188 1301.68003246793523 -0.11258651600642 1.00000000000000
-180.90429897315335 1301.66236496344209 -0.11172694633660 1.00000000000000
-180.76832392992219 1301.64381877845153 -0.11168049954694 1.00000000000000
-180.63337165501434 1301.62490265769884 -0.11198675736850 1.00000000000000
-180.49955606064759 1301.60575755313039 -0.11180035934604 1.00000000000000
-180.36588243424194 1301.58587617892772 -0.11204516086601 1.00000000000000
-180.23245027766097 1301.56527304137126 -0.11272238082766 1.00000000000000
-180.09984248585533 1301.54463496571407 -0.11368007942406 1.00000000000000
-179.96846201654989 1301.52298004645854 -0.11409083769130 1.00000000000000
-179.83721660199808 1301.50086503941566 -0.11483857313947 1.00000000000000
-179.70702699711546 1301.47809306997806 -0.11688005492817 1.00000000000000
-179.57785385887837 1301.45487856678665 -0.11779958136890 1.00000000000000
-179.44964821042959 1301.43180129770190 -0.11828527653338 1.00000000000000
-179.32151184539543 1301.40815515024588 -0.12027112168620 1.00000000000000
-179.19435079424875 1301.38382766535506 -0.12202448972457 1.00000000000000
-179.06740166206146 1301.35915412940085 -0.12296889746085 1.00000000000000
-178.94140985480044 1301.33383239991963 -0.12451265268624 1.00000000000000
-178.81549444270786 1301.30813866294920 -0.12640037471320 1.00000000000000
-178.69039228046313 1301.28273446252570 -0.12704756955582 1.00000000000000
-178.56538385327440 1301.25708179874346 -0.12832208346053 1.00000000000000
-178.43950219434919 1301.23068290716037 -0.13138970224242 1.00000000000000
-178.31371548178140 1301.20386085566133 -0.13278174512800 1.00000000000000
-178.18864151299931 1301.17723445454612 -0.13449465513832 1.00000000000000
-178.06380360829644 1301.14990031067282 -0.13733118444970 1.00000000000000
-177.93794985674322 1301.12234357325360 -0.13865514186492 1.00000000000000
-177.81107240123674 1301.09445836534724 -0.14028042236022 1.00000000000000
-177.68239259696566 1301.06551576638594 -0.14257030017088 1.00000000000000
-177.55258464347571 1301.03616935620084 -0.14445912970478 1.00000000000000
-177.42178870923817 1301.00630465615541 -0.14631644362072 1.00000000000000
-177.28901710594073 1300.97594353044406 -0.14829712569057 1.00000000000000
-177.15509548393311 1300.94530813721940 -0.15024401645065 1.00000000000000
-177.01920269284165 1300.91435579629615 -0.15176161629110 1.00000000000000
-176.88226593600120 1300.88307063560933 -0.15358600120184 1.00000000000000
-176.74441109341569 1300.85093052266166 -0.15617105300656 1.00000000000000
-176.60464702249737 1300.81838251464069 -0.15824167575623 1.00000000000000
-176.46354679157957 1300.78609243920073 -0.15938195057948 1.00000000000000
-176.32064395805355 1300.75303204124793 -0.16132795659227 1.00000000000000
-176.17657681024866 1300.72004837216809 -0.16304235797166 1.00000000000000
-176.03069514298113 1300.68627804936841 -0.16432370216569 1.00000000000000
-175.88352667388972 1300.65255555836484 -0.16541219377180 1.00000000000000
-175.73458184930496 1300.61817814409733 -0.16695791101034 1.00000000000000
-175.58449791069143 1300.58361823018640 -0.16825886033352 1.00000000000000
-175.43345855351072 1300.54898383468390 -0.16902153126236 1.00000000000000
-175.28139927005395 1300.51400675950572 -0.17047419706087 1.00000000000000
-175.12909919139929 1300.47851287666708 -0.17240985497066 1.00000000000000
-174.97683369711740 1300.44339317223057 -0.17297468170484 1.00000000000000
-174.82447920838604 1300.40805521002039 -0.17367465505304 1.00000000000000
-174.67297098773997 1300.37298751855269 -0.17489588791353 1.00000000000000
-174.52525733417133 1300.33759189210832 -0.17593718924801 1.00000000000000
-174.37964502186514 1300.30296427058056 -0.17651529796981 1.00000000000000
-174.23231528641190 1300.26860935846344 -0.17745361143740 1.00000000000000
-174.08843865094241 1300.23452681442723 -0.17874114773149 1.00000000000000
-173.94496383756632 1300.20100106950849 -0.17936870300745 1.00000000000000
-173.80425910151098 1300.16789479833096 -0.17995539692719 1.00000000000000
-173.66638215101557 1300.13587819505483 -0.18085911269541 1.00000000000000
-173.52980221062899 1300.10424788529053 -0.18187269838079 1.00000000000000
-173.39514686015900 1300.07247351855040 -0.18208036721443 1.00000000000000
-173.26231598027516 1300.04168622707948 -0.18222120296394 1.00000000000000
-173.13332332402933 1300.01179339643568 -0.18313516593274 1.00000000000000
-173.00921090948395 1299.98297726362944 -0.18319504162331 1.00000000000000
-172.89107533410424 1299.95574548793957 -0.18277822678334 1.00000000000000
-172.77792886004318 1299.92991380253807 -0.18334516611581 1.00000000000000
-172.67170216364320 1299.90531881386414 -0.18435236568174 1.00000000000000
-172.57245587161742 1299.88233715947717 -0.18412320065685 1.00000000000000
-172.43900376278907 1299.85014584427699 -0.18481707354675 1.00000000000000
-172.31850274675526 1299.82342644268647 -0.18533383462154 1.00000000000000
-172.21975773165468 1299.79903098987415 -0.18522732183318 1.00000000000000
-172.11148838128429 1299.77348393481225 -0.18551876909599 1.00000000000000
-172.00365049549146 1299.74729184061289 -0.18533694050495 1.00000000000000
