2030.54019152646651 1084.84888679860160 1.82706385803584 1.00000000000000
2030.56087906495668 1084.74930721241981 1.83109627573747 1.00000000000000
2030.58594939101022 1084.63328219577670 1.83704543833114 1.00000000000000
2030.60912168520736 1084.53527786210179 1.84250434649174 1.00000000000000
2030.63564874476288 1084.41955346893519 1.84825711493873 1.00000000000000
2030.66028661612654 1084.31691429298371 1.85346825956242 1.00000000000000
2030.68758148979396 1084.20615428127348 1.85949224047066 1.00000000000000
2030.71763533959165 1084.08709645085037 1.86481575713734 1.00000000000000
2030.75056347786449 1083.95989198470488 1.87123733127506 1.00000000000000
2030.77792999881785 1083.86033744644374 1.87587130143250 1.00000000000000
2030.80546941584907 1083.75351383211091 1.88034673538509 1.00000000000000
2030.83641581353731 1083.64439193066210 1.88526703269410 1.00000000000000
2030.86741955939215 1083.52735371049494 1.88990349030128 1.00000000000000
2030.90223877993412 1083.40851007727906 1.89521747262398 1.00000000000000
2030.93681212177034 1083.28152473876253 1.89998465928723 1.00000000000000
2030.97517697140574 1083.15379947982728 1.90564547224571 1.00000000000000
2031.01258308254182 1083.01807929063216 1.91000907303905 1.00000000000000
2031.05494234705111 1082.88219303218648 1.91654731775752 1.00000000000000
2031.09659062279388 1082.73837723769248 1.92153676200572 1.00000000000000
2031.12609338003676 1082.64206425147131 1.92527537083098 1.00000000000000
2031.15628114226274 1082.54437060561031 1.92915107121099 1.00000000000000
2031.18730103207054 1082.44539830228314 1.93309676474838 1.00000000000000
2031.21952067536768 1082.34436049358919 1.93742302615596 1.00000000000000
2031.25239322689595 1082.24173044785857 1.94108454815065 1.00000000000000
2031.28605654649436 1082.13768247654662 1.94461049963780 1.00000000000000
2031.32096445723437 1082.03200780926272 1.94899880016611 1.00000000000000
2031.35692135163117 1081.92467167600989 1.95322792103447 1.00000000000000
2031.39415685716085 1081.81630961364135 1.95751517237060 1.00000000000000
2031.43208649812732 1081.70718974061310 1.96172703004162 1.00000000000000
2031.47107141686138 1081.59687357116491 1.96628294952109 1.00000000000000
2031.51093638339080 1081.48463107785210 1.97128925465690 1.00000000000000
2031.55247643229086 1081.37092236895114 1.97623401499418 1.00000000000000
2031.59553789807251 1081.25631499942392 1.98159536999140 1.00000000000000
2031.63965924025979 1081.14129188330844 1.98697379068233 1.00000000000000
2031.68482663214672 1081.02487069554627 1.99210047895846 1.00000000000000
2031.73226564482320 1080.90765374945477 1.99785175782830 1.00000000000000
2031.78062988084275 1080.78905004169792 2.00324257868538 1.00000000000000
2031.83041434409097 1080.66997147770599 2.00825818510578 1.00000000000000
2031.88121195061831 1080.55017267260700 2.01441044000101 1.00000000000000
2031.93330222216900 1080.42937477538362 2.02084463327138 1.00000000000000
2031.98700510512572 1080.30745419673622 2.02695593139950 1.00000000000000
2032.04194168106187 1080.18526410963386 2.03298512066206 1.00000000000000
2032.09830282640178 1080.06244750507176 2.03973526879736 1.00000000000000
2032.15526472358033 1079.93964405590668 2.04639490104559 1.00000000000000
2032.21288751438260 1079.81784684211016 2.05224370242613 1.00000000000000
2032.27103960007662 1079.69731438346207 2.05826155333886 1.00000000000000
2032.32948834542185 1079.57812703214586 2.06447344951264 1.00000000000000
2032.38823277514894 1079.46035996731371 2.07065822020282 1.00000000000000
2032.44754726137035 1079.34402012592182 2.07633291054132 1.00000000000000
2032.50691627757624 1079.22846278501675 2.08211225330544 1.00000000000000
2032.56698761193547 1079.11372320493683 2.08860403483144 1.00000000000000
2032.62708020419814 1078.99968532472849 2.09418108861595 1.00000000000000
2032.68765018484555 1078.88644115580246 2.09977184464757 1.00000000000000
2032.74810606613755 1078.77440979657695 2.10600670975468 1.00000000000000
2032.80915813206229 1078.66319990903139 2.11173488200294 1.00000000000000
2032.87088572827633 1078.55311417486519 2.11840039329663 1.00000000000000
2032.93337477958994 1078.44420962501317 2.12488229717017 1.00000000000000
2032.99591507727746 1078.33594564115629 2.13061760460746 1.00000000000000
2033.05836702405941 1078.22959721554071 2.13645767509878 1.00000000000000
2033.11997507739579 1078.12465283833444 2.14201481587160 1.00000000000000
2033.18227102188393 1078.02165850438178 2.14737020360261 1.00000000000000
2033.24213999556378 1077.92299102479592 2.15294672115316 1.00000000000000
2033.30314720707247 1077.82437722850591 2.15829740480417 1.00000000000000
2033.36524615448434 1077.72571446560323 2.16393480846726 1.00000000000000
2033.42707257310394 1077.62854653084651 2.16969217009507 1.00000000000000
2033.48846818844322 1077.53332323208451 2.17422113969998 1.00000000000000
2033.54910974483937 1077.44051039172336 2.17871616289599 1.00000000000000
2033.60855056153378 1077.35024850489572 2.18435245806504 1.00000000000000
2033.66677257698029 1077.26282716449350 2.18990357965326 1.00000000000000
2033.72413548198529 1077.17804844258353 2.19464308138489 1.00000000000000
2033.78079631313449 1077.09521171497181 2.19968914713161 1.00000000000000
2033.86501593794674 1076.97507847705856 2.20735607585394 1.00000000000000
2033.94522344879806 1076.86019134894013 2.21399315440204 1.00000000000000
2034.02520910999738 1076.74981276830658 2.22133714843065 1.00000000000000
2034.10155688307714 1076.64357819454744 2.22758778190800 1.00000000000000
2034.17746352788527 1076.54162583360448 2.23422866361246 1.00000000000000
2034.25014116114471 1076.44345567421988 2.24047031081112 1.00000000000000
2034.32266606541816 1076.34800727432594 2.24676908779392 1.00000000000000
2034.39134288456989 1076.25655621895567 2.25218111672600 1.00000000000000
2034.46049696282716 1076.16866129636765 2.25802831168499 1.00000000000000
2034.52619292360032 1076.08417240809649 2.26299667428579 1.00000000000000
2034.59076415735763 1076.00323438690975 2.26911687735921 1.00000000000000
2034.67377232288709 1075.90009207557887 2.27610704627537 1.00000000000000
2034.75396489503328 1075.80342934280634 2.28372370578414 1.00000000000000
2034.83061658538645 1075.71204213378951 2.28993378623666 1.00000000000000
2034.90330028987955 1075.62555520189926 2.29613267236081 1.00000000000000
2034.97245758376084 1075.54514659522101 2.30240318088073 1.00000000000000
2035.03843390295515 1075.46979082562029 2.30780614148506 1.00000000000000
2035.11619221349247 1075.38073310023174 2.31429696166427 1.00000000000000
2035.18937115394510 1075.29838690441102 2.32083349728432 1.00000000000000
2035.25656782503938 1075.22263059765100 2.32671663427322 1.00000000000000
2035.33261336613214 1075.13871120708063 2.33347224014097 1.00000000000000
2035.40097303548828 1075.06516379537061 2.33964890686149 1.00000000000000
2035.47265110746957 1074.98882466554642 2.34629801203595 1.00000000000000
2035.54284668865148 1074.91482232138515 2.35309854476185 1.00000000000000
2035.61981669371016 1074.83544431952760 2.36193524840440 1.00000000000000
2035.69804078631569 1074.75632009422407 2.37058397921906 1.00000000000000
2035.77304037456634 1074.68152735335752 2.37878268190652 1.00000000000000
2035.84906118415529 1074.60741345211864 2.38595484400241 1.00000000000000
2035.93600150180282 1074.52296471269801 2.39365032944978 1.00000000000000
2036.01391479081940 1074.44794110720977 2.40010065545874 1.00000000000000
2036.09960825147573 1074.36692451592535 2.40724533399524 1.00000000000000
2036.19259220547974 1074.27991801500320 2.41475700249638 1.00000000000000
2036.26759712124476 1074.21114424476400 2.42057853995041 1.00000000000000
2036.34718593012076 1074.13746298523620 2.42618005983716 1.00000000000000
2036.43159857572755 1074.06172250444070 2.43267181719877 1.00000000000000
2036.52013446332421 1073.98173348093405 2.43835865900704 1.00000000000000
2036.61230882402742 1073.90067811030895 2.44557824281739 1.00000000000000
2036.70871420623735 1073.81574040371925 2.45183237197177 1.00000000000000
2036.80977212474681 1073.72897390788421 2.45912085712094 1.00000000000000
2036.91423697228311 1073.63796512363479 2.45603906956363 1.00000000000000
2037.01498162630014 1073.55175991030410 2.45807248760403 1.00000000000000
2036.92255318223033 1073.61723790550604 2.44074130388414 1.00000000000000
2036.81722011551028 1073.70659844717011 2.42728410887293 1.00000000000000
2036.73687686864287 1073.77725615538657 2.41905736273473 1.00000000000000
2036.64744766650256 1073.85748900379986 2.41051365167754 1.00000000000000
2036.55010712693911 1073.94631196605042 2.40201855943848 1.00000000000000
2036.44696332124295 1074.04159459099174 2.39608180930508 1.00000000000000
2036.34071000979748 1074.14065639767796 2.39195417590822 1.00000000000000
2036.23407920496538 1074.24093428766355 2.38887993082177 1.00000000000000
2036.12971930549247 1074.33928633667529 2.38765499754901 1.00000000000000
2036.03195894625969 1074.43168041668832 2.38736563269783 1.00000000000000
2035.93955828383332 1074.51920361164957 2.38713246289012 1.00000000000000
2035.85229754669126 1074.60156718129292 2.38741496846102 1.00000000000000
2035.77274968370330 1074.67647033696994 2.38854532009959 1.00000000000000
2035.67523277481087 1074.76859113294631 2.38908238664874 1.00000000000000
2035.58845719991950 1074.84895109198987 2.39112873040387 1.00000000000000
