-162.27367065177532 1300.04111759550869 2.78746534836014 1.00000000000000
-162.37291071924847 1300.09295579139143 2.78864009315835 1.00000000000000
-162.47131063544657 1300.13260836014524 2.78989533415143 1.00000000000000
-162.58145329478430 1300.17438706336543 2.79126874550829 1.00000000000000
-162.69096565147629 1300.21547929942608 2.79224430159906 1.00000000000000
-162.78792943374719 1300.25224122358486 2.79270802276749 1.00000000000000
-162.89242863259278 1300.29153709392995 2.79361912397341 1.00000000000000
-163.01237627305090 1300.33602830534801 2.79508230679718 1.00000000000000
-163.14056766877184 1300.38366332417354 2.79630637378820 1.00000000000000
-163.28464570932556 1300.43565437151119 2.79827116041594 1.00000000000000
-163.38596357137430 1300.47257343539968 2.79911185975189 1.00000000000000
-163.49180055700708 1300.51095568016171 2.80048330990617 1.00000000000000
-163.60318645194639 1300.55075002089143 2.80201370287423 1.00000000000000
-163.71994963171892 1300.59238351136446 2.80342277143442 1.00000000000000
-163.84146341227461 1300.63545240322128 2.80507800719704 1.00000000000000
-163.96742783451919 1300.68034818675369 2.80591227139065 1.00000000000000
-164.09812094958033 1300.72649248735979 2.80703229637443 1.00000000000000
-164.23263644002145 1300.77382317371666 2.80937445767760 1.00000000000000
-164.37211996689439 1300.82251843949780 2.81067421985118 1.00000000000000
-164.51663577836007 1300.87228078488261 2.81185537525226 1.00000000000000
-164.66571223887149 1300.92387331137434 2.81386778180617 1.00000000000000
-164.81882851582486 1300.97674656100571 2.81512475430606 1.00000000000000
-164.97631844819989 1301.03094174107537 2.81619548630432 1.00000000000000
-165.13853024179116 1301.08719933126122 2.81760089563541 1.00000000000000
-165.30535014049383 1301.14421347621828 2.81909223891276 1.00000000000000
-165.47583875874989 1301.20269159739837 2.81984476744928 1.00000000000000
-165.65026489610318 1301.26243105111644 2.82079035411675 1.00000000000000
-165.82832750130910 1301.32325161574408 2.82264174475999 1.00000000000000
-166.01064235658851 1301.38511838065460 2.82384323484149 1.00000000000000
-166.19707097887294 1301.44829928688705 2.82472120691526 1.00000000000000
-166.38752471987391 1301.51283058384433 2.82577167296016 1.00000000000000
-166.48220497375587 1301.54507855093107 2.82634606922497 1.00000000000000
-166.58176440827083 1301.57869359524921 2.82670214997890 1.00000000000000
-166.67837212624727 1301.61148335551843 2.82738575148165 1.00000000000000
-166.77964642993174 1301.64621402043849 2.82784751710586 1.00000000000000
-166.87811876717024 1301.67951729660854 2.82856485479441 1.00000000000000
-166.98142499051755 1301.71445930283517 2.82901795841711 1.00000000000000
-167.08183178683976 1301.74832427967340 2.82935399911143 1.00000000000000
-167.18635504634585 1301.78406916558743 2.82938966467197 1.00000000000000
-167.28821958159097 1301.81836216896772 2.82980188690077 1.00000000000000
-167.39465998124797 1301.85468073328957 2.83013933063565 1.00000000000000
-167.49851928662974 1301.88954901276156 2.83072778791894 1.00000000000000
-167.60694952472113 1301.92620009323582 2.83114667723554 1.00000000000000
-167.71259123116033 1301.96155768074095 2.83167330309768 1.00000000000000
-167.82247240631841 1301.99877513851970 2.83197049946257 1.00000000000000
-167.92962503107265 1302.03455155156553 2.83235991139615 1.00000000000000
-168.04153938184027 1302.07222976163030 2.83249379703351 1.00000000000000
-168.15063104894944 1302.10857490682974 2.83296962376303 1.00000000000000
-168.26377403549850 1302.14670799206942 2.83358839934605 1.00000000000000
-168.37439026607899 1302.18338500615209 2.83455314875566 1.00000000000000
-168.48914793494623 1302.22176117775962 2.83506915504335 1.00000000000000
-168.60123641334940 1302.25879521761090 2.83561755278265 1.00000000000000
-168.71662665158510 1302.29808520572260 2.83557207840780 1.00000000000000
-168.83020779222716 1302.33553427876905 2.83610389914992 1.00000000000000
-168.94682809966616 1302.37523315753788 2.83642844150223 1.00000000000000
-169.06086401460925 1302.41270267358050 2.83725734934326 1.00000000000000
-169.17851219244767 1302.45245360722765 2.83757637908471 1.00000000000000
-169.29409021150786 1302.49032135913149 2.83811537362349 1.00000000000000
-169.41307333891746 1302.53045229800045 2.83832185938552 1.00000000000000
-169.52994862874039 1302.56867496483028 2.83861004599468 1.00000000000000
-169.64966094272677 1302.60945069603622 2.83870296162059 1.00000000000000
-169.76705930987373 1302.64771885331720 2.83955275555880 1.00000000000000
-169.88752054364886 1302.68834598222747 2.83989410365783 1.00000000000000
-170.00604761566501 1302.72689381614327 2.84030423385228 1.00000000000000
-170.12698238744633 1302.76816580956802 2.84018236453643 1.00000000000000
-170.24597899534274 1302.80678865639493 2.84077509849657 1.00000000000000
-170.36716544436058 1302.84803871950135 2.84090902865227 1.00000000000000
-170.48719077557325 1302.88689059810713 2.84168793341990 1.00000000000000
-170.60872221010504 1302.92815776029602 2.84184016400245 1.00000000000000
-170.72912177699618 1302.96702527720481 2.84250084097260 1.00000000000000
-170.85121995501686 1303.00816779676825 2.84234468937334 1.00000000000000
-170.97180737421149 1303.04707437148318 2.84249659981176 1.00000000000000
-171.09447536023799 1303.08809609292075 2.84260806574899 1.00000000000000
-171.21555396937765 1303.12702732998878 2.84357764758846 1.00000000000000
-171.33859323890647 1303.16807635081932 2.84401856207723 1.00000000000000
-171.46054421976442 1303.20718787517399 2.84444612090953 1.00000000000000
-171.58455247397069 1303.24807620234787 2.84437701922713 1.00000000000000
-171.70702987973345 1303.28728531021625 2.84478221791934 1.00000000000000
-171.83100646251114 1303.32879148563370 2.84491434590473 1.00000000000000
-171.95358466333710 1303.36792575521395 2.84567640886557 1.00000000000000
-172.07802360923961 1303.40926154004410 2.84593495275834 1.00000000000000
-172.20143670623656 1303.44853585539386 2.84669393617456 1.00000000000000
-172.32639447064139 1303.49005670566112 2.84686182433113 1.00000000000000
-172.44997443247121 1303.52929017040879 2.84734458508745 1.00000000000000
-172.57557739876211 1303.57057503797114 2.84738120299684 1.00000000000000
-172.70001227210741 1303.60998901352286 2.84792953896037 1.00000000000000
-172.82603820151417 1303.65174680948257 2.84818830629982 1.00000000000000
-172.95159736840287 1303.69138370407745 2.84898361311430 1.00000000000000
-173.07775543932803 1303.73309817910194 2.84924634111496 1.00000000000000
-173.20337625610409 1303.77261986956000 2.84999361423245 1.00000000000000
-173.32980270747794 1303.81431740522385 2.85010129401519 1.00000000000000
-173.45592690503690 1303.85392708797008 2.85044294148211 1.00000000000000
-173.58299964945763 1303.89569782605395 2.85042906896203 1.00000000000000
-173.70967855933122 1303.93539240211248 2.85105415942327 1.00000000000000
-173.83712582214503 1303.97725096670911 2.85156464812706 1.00000000000000
-173.96400114276912 1304.01686841901392 2.85222876031814 1.00000000000000
-174.09176162164658 1304.05881866486743 2.85230771084057 1.00000000000000
-174.21937258157413 1304.09857567166910 2.85275291027535 1.00000000000000
-174.34760622377507 1304.14056261070073 2.85290437224586 1.00000000000000
-174.47568643954583 1304.18037673132494 2.85338542423936 1.00000000000000
-174.60446732403943 1304.22229769406840 2.85353376128552 1.00000000000000
-174.73291113460436 1304.26209946721792 2.85427284449412 1.00000000000000
-174.86187586677261 1304.30413745203987 2.85437196693749 1.00000000000000
-174.99029395869002 1304.34379556961358 2.85527858221596 1.00000000000000
-175.11938731861301 1304.38559964438900 2.85556235073602 1.00000000000000
-175.24794661829947 1304.42519923020154 2.85606372722270 1.00000000000000
-175.37692481151316 1304.46650064364076 2.85614612742868 1.00000000000000
-175.50576817459660 1304.50608110893518 2.85668574319134 1.00000000000000
-175.63460333505645 1304.54735628888011 2.85665602498414 1.00000000000000
-175.76380997558590 1304.58696551294997 2.85726505731420 1.00000000000000
-175.89346299495082 1304.62886831909418 2.85754244014422 1.00000000000000
-176.02299939387012 1304.66845331480727 2.85825029867457 1.00000000000000
-176.15300082578324 1304.71026341291144 2.85821762919359 1.00000000000000
-176.28308043128345 1304.74995913216844 2.85858135800457 1.00000000000000
-176.41349377139704 1304.79172530863434 2.85881022647593 1.00000000000000
-176.54387953726109 1304.83139216434211 2.85947548854874 1.00000000000000
-176.67412538867211 1304.87299185665324 2.85966117863515 1.00000000000000
-176.80483229691163 1304.91265425086021 2.86022741925822 1.00000000000000
-176.93563038791763 1304.95415737712756 2.86015910077651 1.00000000000000
-177.06624836579431 1304.99372985400259 2.86056339024168 1.00000000000000
-177.19745855766814 1305.03519789408892 2.86048918007150 1.00000000000000
-177.32859948661644 1305.07486587762833 2.86096143691541 1.00000000000000
-177.45998356211931 1305.11647119652480 2.86108505534611 1.00000000000000
-177.59187568689231 1305.15627382835373 2.86169159098751 1.00000000000000
-177.72319112834521 1305.19783538440242 2.86179891648050 1.00000000000000
-177.85510174720548 1305.23752088332549 2.86256713452995 1.00000000000000
-177.98653925594408 1305.27891388442367 2.86272420623646 1.00000000000000
-178.11846609681379 1305.31850297329947 2.86328753082384 1.00000000000000
-178.24983929638984 1305.35987590486184 2.86331068645899 1.00000000000000
-178.38187456654850 1305.39938817266375 2.86402287167461 1.00000000000000
-178.51396552566439 1305.44064014172181 2.86418938991701 1.00000000000000
-178.64632136328146 1305.48015420045704 2.86472169259006 1.00000000000000
-178.77863513003103 1305.52162764500827 2.86483308854234 1.00000000000000
-178.91162021755008 1305.56123909540474 2.86533114818257 1.00000000000000
-179.04420206462964 1305.60304298438132 2.86519113703790 1.00000000000000
-179.17658213304821 1305.64242023089901 2.86562519921486 1.00000000000000
-179.30900356115308 1305.68381264340132 2.86584603092477 1.00000000000000
-179.44173442607280 1305.72316784504801 2.86659224104351 1.00000000000000
-179.57398019358516 1305.76469014910981 2.86657880502720 1.00000000000000
-179.70689228549600 1305.80402276990935 2.86710257169943 1.00000000000000
-179.83909313369077 1305.84500232944265 2.86734936596193 1.00000000000000
-179.97208681062330 1305.88423475623131 2.86796534677192 1.00000000000000
-180.10423386236653 1305.92509338725358 2.86813331123143 1.00000000000000
-180.23646048852243 1305.96400122623891 2.86864972902384 1.00000000000000
-180.36875817563850 1306.00493032811210 2.86874280857663 1.00000000000000
-180.50147618702613 1306.04390050750226 2.86919397046312 1.00000000000000
-180.63296942319721 1306.08484897436574 2.86912392145006 1.00000000000000
-180.76517324452288 1306.12359059602022 2.86970755284230 1.00000000000000
-180.89520969573641 1306.16376262949780 2.86983125847714 1.00000000000000
-181.02626225445420 1306.20208356063813 2.87036362956272 1.00000000000000
-181.15658783086110 1306.24211508128792 2.87050804473090 1.00000000000000
-181.28776218718849 1306.28036126354709 2.87114184157335 1.00000000000000
-181.41720267105848 1306.32026667986065 2.87120391406681 1.00000000000000
-181.54725039750338 1306.35809715976939 2.87174930164878 1.00000000000000
-181.67581806995440 1306.39772692508996 2.87174390820276 1.00000000000000
-181.80478984973161 1306.43519562995061 2.87207768850847 1.00000000000000
-181.93258276511915 1306.47445013141260 2.87213725824944 1.00000000000000
-182.06116689147893 1306.51169119914994 2.87290744111612 1.00000000000000
-182.18816830794094 1306.55069404654205 2.87297514777345 1.00000000000000
-182.31606830836972 1306.58764193160459 2.87362402170280 1.00000000000000
-182.44231416727416 1306.62625647289678 2.87368077052772 1.00000000000000
-182.57011054398026 1306.66308821598068 2.87426307203100 1.00000000000000
-182.69587240222609 1306.70147725939751 2.87433038308081 1.00000000000000
-182.82280186901335 1306.73795012291521 2.87505024195346 1.00000000000000
-182.94790832826402 1306.77593064587563 2.87520761882174 1.00000000000000
-183.07428190734936 1306.81215711357072 2.87570403602490 1.00000000000000
-183.19873435795307 1306.84986726008356 2.87555576511868 1.00000000000000
-183.32463645807002 1306.88588422071189 2.87614950217665 1.00000000000000
-183.44768740230938 1306.92316440865397 2.87626376508633 1.00000000000000
-183.57223690469982 1306.95868995599449 2.87702917612714 1.00000000000000
-183.69474743085448 1306.99585034791380 2.87709638971115 1.00000000000000
-183.81881185469683 1307.03115975111723 2.87760694434012 1.00000000000000
-183.94059522263706 1307.06760740280151 2.87766645293113 1.00000000000000
-184.06373528891709 1307.10257703717798 2.87812895604404 1.00000000000000
-184.18472585291602 1307.13881477201357 2.87819246526249 1.00000000000000
-184.30755655298708 1307.17361175408587 2.87876498822930 1.00000000000000
-184.42786899692146 1307.20939620910212 2.87888187200832 1.00000000000000
-184.54949151119217 1307.24377321079373 2.87938256924882 1.00000000000000
-184.66926237952430 1307.27969779260457 2.87954571512881 1.00000000000000
-184.79118387692142 1307.31405389076099 2.88024099198004 1.00000000000000
-184.91071568801999 1307.34968673205003 2.88042210295283 1.00000000000000
-185.03221043152735 1307.38383612642065 2.88088784016186 1.00000000000000
-185.15086168242851 1307.41918117925525 2.88085605258472 1.00000000000000
-185.27148708899040 1307.45304398005828 2.88115727170431 1.00000000000000
-185.38956435298314 1307.48837555199862 2.88113720980636 1.00000000000000
-185.50999260914978 1307.52210283605382 2.88176445119479 1.00000000000000
-185.62811320077162 1307.55714212404564 2.88196447671830 1.00000000000000
-185.74806720786728 1307.59063810063526 2.88262611443837 1.00000000000000
-185.86568849394098 1307.62572695873678 2.88265377658084 1.00000000000000
-185.98577969160397 1307.65920689795166 2.88301352814390 1.00000000000000
-186.10315077158157 1307.69373128702864 2.88299121383652 1.00000000000000
-186.22330081852851 1307.72716658003628 2.88338425574493 1.00000000000000
-186.34074110968504 1307.76200310699642 2.88316877244958 1.00000000000000
-186.46011959027965 1307.79518454987556 2.88369678354078 1.00000000000000
-186.57755658857059 1307.82974655739963 2.88379164064633 1.00000000000000
-186.69715654227184 1307.86292031547055 2.88430050411726 1.00000000000000
-186.81491098110564 1307.89786697644740 2.88408687707133 1.00000000000000
-186.93489736213814 1307.93110701721162 2.88456042568641 1.00000000000000
-187.05262274423148 1307.96565641881898 2.88474149186288 1.00000000000000
-187.17275337595493 1307.99888123851269 2.88507430333130 1.00000000000000
-187.29090195475146 1308.03386490652338 2.88506249125246 1.00000000000000
-187.41175849310821 1308.06716922484338 2.88600340075597 1.00000000000000
-187.53002632164862 1308.10161093017086 2.88621920606659 1.00000000000000
-187.65077814034885 1308.13480428000912 2.88671248594041 1.00000000000000
-187.76953164965380 1308.16950976569206 2.88635148633985 1.00000000000000
-187.89069395931438 1308.20281064044684 2.88653901195314 1.00000000000000
-188.01048331230413 1308.23775774706155 2.88649854134540 1.00000000000000
-188.13243861298542 1308.27120272396132 2.88716249874530 1.00000000000000
-188.25231163064018 1308.30594512680545 2.88731721930431 1.00000000000000
-188.37439737375826 1308.33935097698122 2.88783314248232 1.00000000000000
-188.49448986275820 1308.37443842878565 2.88781077855895 1.00000000000000
-188.61720775614958 1308.40796938072890 2.88816241468254 1.00000000000000
-188.73747019463917 1308.44335921434686 2.88781531779289 1.00000000000000
-188.85998484131414 1308.47681127209216 2.88825623464031 1.00000000000000
-188.98063848575111 1308.51164251798764 2.88837095449787 1.00000000000000
-189.10315226647072 1308.54500641021878 2.88898406296345 1.00000000000000
-189.22402679419611 1308.58008751692250 2.88895109069818 1.00000000000000
-189.34744006488472 1308.61363253463060 2.88947835390442 1.00000000000000
-189.46828796376940 1308.64893740089610 2.88932832247393 1.00000000000000
-189.59194201085484 1308.68251485936344 2.88970176228488 1.00000000000000
-189.71359564329032 1308.71760266600177 2.88966370255490 1.00000000000000
-189.83716624387307 1308.75106865260750 2.89040886724422 1.00000000000000
-189.95866102690343 1308.78644384117797 2.89055625104445 1.00000000000000
-190.08220851188526 1308.81982061639428 2.89112119432010 1.00000000000000
-190.20359088684199 1308.85511231236160 2.89070627048871 1.00000000000000
-190.32741416519275 1308.88857560977340 2.89085539364593 1.00000000000000
-190.44916339765768 1308.92385752825066 2.89074153269029 1.00000000000000
-190.57339640124701 1308.95736619131640 2.89137174757416 1.00000000000000
-190.69541926251259 1308.99270609905943 2.89133195368570 1.00000000000000
-190.81986764259636 1309.02623092662543 2.89175789729168 1.00000000000000
-190.94245162012521 1309.06179422698915 2.89170161683789 1.00000000000000
-191.06707808340434 1309.09530897997320 2.89220095561158 1.00000000000000
-191.18972430576105 1309.13124275999144 2.89201568110038 1.00000000000000
-191.31486590835266 1309.16483042342588 2.89266769933463 1.00000000000000
-191.43780479935231 1309.20037472620606 2.89251652721272 1.00000000000000
-191.56295177515130 1309.23391892900690 2.89302653042425 1.00000000000000
-191.68576577131171 1309.26924565806985 2.89309377071983 1.00000000000000
-191.81081623851787 1309.30266368621960 2.89382856692364 1.00000000000000
-191.93345708033303 1309.33774578990415 2.89378880199042 1.00000000000000
-192.05875940516125 1309.37116013281047 2.89432809469628 1.00000000000000
-192.18166873371229 1309.40639156522229 2.89411521498404 1.00000000000000
-192.30716282757930 1309.43980648694560 2.89463682860400 1.00000000000000
-192.43027244170662 1309.47477854741737 2.89462262430318 1.00000000000000
-192.55536796146771 1309.50801257044077 2.89524481026034 1.00000000000000
-192.67855766019784 1309.54266645247117 2.89557455256122 1.00000000000000
-192.80378580832621 1309.57581355189905 2.89627721682670 1.00000000000000
-192.92691090505105 1309.61071721045300 2.89620830687799 1.00000000000000
-193.05214477656409 1309.64381177490577 2.89655015367228 1.00000000000000
-193.17492276406847 1309.67802020721138 2.89645798172240 1.00000000000000
-193.29962465446442 1309.71090599847957 2.89701864403082 1.00000000000000
-193.42278790083947 1309.74531052075326 2.89706695921135 1.00000000000000
-193.54785413295031 1309.77824471751228 2.89742610857949 1.00000000000000
-193.67144265677780 1309.81255830870941 2.89739611616898 1.00000000000000
-193.79656501661520 1309.84542792476714 2.89799728008642 1.00000000000000
-193.91938425507396 1309.87982760416344 2.89809342617491 1.00000000000000
-194.04433820839040 1309.91258645616472 2.89855034409597 1.00000000000000
-194.16711947461590 1309.94655968388543 2.89867201708196 1.00000000000000
-194.29190805146936 1309.97918072761968 2.89923530082386 1.00000000000000
-194.41435459529748 1310.01353161409497 2.89896141559167 1.00000000000000
-194.53889954084298 1310.04605839028955 2.89941253491348 1.00000000000000
-194.66082583484240 1310.07995641371235 2.89948529445102 1.00000000000000
-194.78468023322057 1310.11220820760354 2.90017856680636 1.00000000000000
-194.90639200992882 1310.14616953581572 2.90006781266496 1.00000000000000
-195.03046943183290 1310.17844964237884 2.90039056535477 1.00000000000000
-195.15216201671865 1310.21216663485393 2.90038651616970 1.00000000000000
-195.27618531149346 1310.24435458052903 2.90097904506432 1.00000000000000
-195.39804930193350 1310.27790739480406 2.90086337673687 1.00000000000000
-195.52203665242996 1310.31002045562491 2.90145945006503 1.00000000000000
-195.64322083338629 1310.34337582625449 2.90175380954424 1.00000000000000
-195.76660111814272 1310.37521742796525 2.90243936262071 1.00000000000000
-195.88788599777035 1310.40827025054023 2.90245405811907 1.00000000000000
-196.01106462161988 1310.44001865293831 2.90268929775018 1.00000000000000
-196.13194984279107 1310.47311304928735 2.90262098500027 1.00000000000000
-196.25495020364178 1310.50473315734416 2.90325719483908 1.00000000000000
-196.37592110096011 1310.53784797759727 2.90352521543610 1.00000000000000
-196.49886111798696 1310.56936278333887 2.90407483722806 1.00000000000000
-196.61973940272583 1310.60149521101266 2.90420331282677 1.00000000000000
-196.74247664213181 1310.63288311567158 2.90455875506569 1.00000000000000
-196.86260589625454 1310.66559431841597 2.90427998704051 1.00000000000000
-196.98533902503550 1310.69695465313271 2.90465367375785 1.00000000000000
-197.10478187247645 1310.72910761553794 2.90496704217894 1.00000000000000
-197.22600766969845 1310.75993201788515 2.90603874897913 1.00000000000000
-197.34473406907637 1310.79179359367117 2.90627905350559 1.00000000000000
-197.46554428350646 1310.82243720395491 2.90662262661278 1.00000000000000
-197.58403344807448 1310.85432117851451 2.90655225136804 1.00000000000000
-197.70483354013413 1310.88491085730493 2.90688819484959 1.00000000000000
-197.82288061780855 1310.91630917321891 2.90676398770386 1.00000000000000
-197.94260588183533 1310.94657433126122 2.90728700503594 1.00000000000000
-198.05976930854376 1310.97753362543881 2.90773602276764 1.00000000000000
-198.17917154647876 1311.00758346030489 2.90851548881147 1.00000000000000
-198.29552618064918 1311.03868656046689 2.90838969884505 1.00000000000000
-198.41386299452279 1311.06844876846299 2.90851660874876 1.00000000000000
-198.52932718163356 1311.09933465300128 2.90822237432342 1.00000000000000
-198.64728963503148 1311.12896324787289 2.90876290964486 1.00000000000000
-198.76219090470113 1311.15958550851792 2.90916918591096 1.00000000000000
-198.87886681978125 1311.18877389794216 2.90994077560435 1.00000000000000
-198.99330254696542 1311.21858773287386 2.91013294238529 1.00000000000000
-199.10992533602985 1311.24767610523850 2.91055537923221 1.00000000000000
-199.22359346476151 1311.27714145230129 2.91058293754332 1.00000000000000
-199.33969284559134 1311.30603561550379 2.91099940628373 1.00000000000000
-199.45296439388767 1311.33541136281565 2.91115191139330 1.00000000000000
-199.56860100472113 1311.36411623610184 2.91164143281156 1.00000000000000
-199.68094687152188 1311.39354447321966 2.91156893801470 1.00000000000000
-199.79553240968380 1311.42196111241356 2.91181678254194 1.00000000000000
-199.90737803350203 1311.45099174836650 2.91208444412697 1.00000000000000
-200.02168150164653 1311.47923676343635 2.91274011507183 1.00000000000000
-200.13255909312284 1311.50852287374437 2.91276483902744 1.00000000000000
-200.24567034293432 1311.53640814963728 2.91329045835042 1.00000000000000
-200.35643385112053 1311.56478676106781 2.91347549834421 1.00000000000000
-200.46975328214467 1311.59263627324253 2.91400802160662 1.00000000000000
-200.57961314526619 1311.62099800957367 2.91404772798098 1.00000000000000
-200.69199665344786 1311.64857236482203 2.91435732929496 1.00000000000000
-200.80094057216775 1311.67678416240960 2.91458147739772 1.00000000000000
-200.91291503061075 1311.70413397299126 2.91547363888642 1.00000000000000
-201.02166835241951 1311.73225629050285 2.91593766018350 1.00000000000000
-201.13297646888532 1311.75934314401820 2.91641996458797 1.00000000000000
-201.24082258099224 1311.78751475363970 2.91586729807650 1.00000000000000
-201.35115355456946 1311.81437187455595 2.91606183983571 1.00000000000000
-201.45856701588491 1311.84213757421821 2.91625193125065 1.00000000000000
-201.56843971868511 1311.86878576036543 2.91705169891531 1.00000000000000
-201.67524454003433 1311.89630447095260 2.91709285594644 1.00000000000000
-201.78485599369742 1311.92283011833206 2.91759927833304 1.00000000000000
-201.89077675540466 1311.94964786153287 2.91769720293608 1.00000000000000
-201.99920985725475 1311.97581121884286 2.91823078758804 1.00000000000000
-202.10494398442097 1312.00291371671483 2.91810002530946 1.00000000000000
-202.21343213249929 1312.02906004013494 2.91842332968725 1.00000000000000
-202.31873605545843 1312.05625723674893 2.91817494529729 1.00000000000000
-202.42676729068626 1312.08226997265592 2.91860426651523 1.00000000000000
-202.53096026345156 1312.10931338090450 2.91856882556912 1.00000000000000
-202.63808387261815 1312.13505077688023 2.91917890455826 1.00000000000000
-202.74190200166777 1312.16181557299569 2.91927638495372 1.00000000000000
-202.84852444275748 1312.18739039544016 2.91958979158710 1.00000000000000
-202.95186655281577 1312.21393274981529 2.91960053366322 1.00000000000000
-203.05789147474570 1312.23931289697066 2.92002206915914 1.00000000000000
-203.16092348977691 1312.26553816813976 2.92006623760715 1.00000000000000
-203.26657223899383 1312.29077122965828 2.92054636791241 1.00000000000000
-203.36897278320976 1312.31705408636481 2.92065976982462 1.00000000000000
-203.47411011002259 1312.34205267624930 2.92162074720103 1.00000000000000
-203.57567565119825 1312.36806095438078 2.92204523885433 1.00000000000000
-203.67987378023099 1312.39275283226743 2.92250599965866 1.00000000000000
-203.78115859546233 1312.41851857770234 2.92196925240454 1.00000000000000
-203.88459072523983 1312.44308023853227 2.92167778392510 1.00000000000000
-203.98500423354562 1312.46898119617254 2.92132815481653 1.00000000000000
-204.08818038227037 1312.49345012148842 2.92201573639634 1.00000000000000
-204.18659630639013 1312.51867382787168 2.92255978690079 1.00000000000000
-204.28694821335375 1312.54238325590268 2.92318469939983 1.00000000000000
-204.48309804813471 1312.59061659593135 2.92296893765554 1.00000000000000
-204.58056430646684 1312.61568710720167 2.92250532932142 1.00000000000000
-204.68130800366635 1312.63949001394212 2.92286329789595 1.00000000000000
-204.87712333188392 1312.68721052166075 2.92393674251366 1.00000000000000
-205.07349634647835 1312.73501191195101 2.92409898867252 1.00000000000000
-205.26652548566926 1312.78186823427677 2.92448249818220 1.00000000000000
-205.45863504405133 1312.82879934646189 2.92502370364757 1.00000000000000
-205.64727166038938 1312.87480761623010 2.92537318459877 1.00000000000000
-205.83548561140196 1312.92038426781073 2.92583758700843 1.00000000000000
-206.02203717501834 1312.96537829190493 2.92613041733479 1.00000000000000
-206.20674416160909 1313.00994201516733 2.92579284538824 1.00000000000000
-206.38929089275189 1313.05391271365806 2.92691536027335 1.00000000000000
-206.56972043367568 1313.09728963673115 2.92778035486595 1.00000000000000
-206.74920531082898 1313.14044249290600 2.92731685146959 1.00000000000000
-206.92627406655811 1313.18266586447135 2.92805819890087 1.00000000000000
-207.10176569339819 1313.22446685470641 2.92889988366363 1.00000000000000
-207.27558085019700 1313.26555253239349 2.92903105035750 1.00000000000000
-207.44739080546424 1313.30602648574859 2.92957718664519 1.00000000000000
-207.61643163301051 1313.34590743528679 2.93033416287086 1.00000000000000
-207.78327279625228 1313.38514984026551 2.93061141837844 1.00000000000000
-207.94834888388868 1313.42384017910808 2.93135730799482 1.00000000000000
-208.11141606222373 1313.46186659019440 2.93199297482665 1.00000000000000
-208.27152097388171 1313.49921307666227 2.93187280797888 1.00000000000000
-208.43055187776918 1313.53620765963569 2.93230583583679 1.00000000000000
-208.58677637646906 1313.57297117495909 2.93248706111448 1.00000000000000
-208.73859025945421 1313.60845534410328 2.93281035017116 1.00000000000000
-208.88465045805788 1313.64252946060151 2.93296922642105 1.00000000000000
-209.02217954094522 1313.67481310525909 2.93343411467199 1.00000000000000
-209.15069693571422 1313.70497211860493 2.93381973437423 1.00000000000000
-209.26934147492284 1313.73293976765126 2.93359670517456 1.00000000000000
-209.37723807216389 1313.75840636622161 2.93379035722746 1.00000000000000
-209.51569905772340 1313.79159150598571 2.93493550442005 1.00000000000000
-209.63447543152142 1313.81901427498087 2.93469594644928 1.00000000000000
-209.74878760689171 1313.84647147869691 2.93553021638562 1.00000000000000
