-185.04857687093318 1296.97502543637529 2.76983657481375 1.00000000000000
-185.15444089955417 1297.02419702522457 2.76813812155165 1.00000000000000
-185.26738588430453 1297.07344107655808 2.76760023066640 1.00000000000000
-185.36265084467595 1297.11441536108032 2.76716984206173 1.00000000000000
-185.47401982499287 1297.16195510514081 2.76667075530463 1.00000000000000
-185.59876750438707 1297.21566519746557 2.76562817849483 1.00000000000000
-185.70096131181344 1297.25917123584077 2.76511615286445 1.00000000000000
-185.81299818411935 1297.30888115661219 2.76356682734139 1.00000000000000
-185.92944820626872 1297.35890027042478 2.76245964798556 1.00000000000000
-186.05302681890316 1297.41380353271961 2.76114966780469 1.00000000000000
-186.18042624031659 1297.46862439997494 2.76058790891470 1.00000000000000
-186.31475306174252 1297.52884582243860 2.75900772033555 1.00000000000000
-186.40665126871318 1297.56944292830303 2.75802565879887 1.00000000000000
-186.50019082077779 1297.61105884239078 2.75728685614953 1.00000000000000
-186.59567003045231 1297.65345447277650 2.75713113040656 1.00000000000000
-186.69290757784620 1297.69698847737163 2.75615996276357 1.00000000000000
-186.79200741887325 1297.74115343624726 2.75533493001269 1.00000000000000
-186.89309606794268 1297.78606251301244 2.75483947903092 1.00000000000000
-186.99616899428656 1297.83150526462123 2.75448031678161 1.00000000000000
-187.10065162915271 1297.87738089496270 2.75404447542885 1.00000000000000
-187.20651173614897 1297.92388939810917 2.75392044935559 1.00000000000000
-187.31297882582294 1297.97067408403382 2.75363527175382 1.00000000000000
-187.41860166040715 1298.01824173051864 2.75215711251349 1.00000000000000
-187.52425821375800 1298.06567862955853 2.75195514787359 1.00000000000000
-187.63045324909035 1298.11282146116719 2.75192622514496 1.00000000000000
-187.73681688186480 1298.16008027968928 2.75127670126902 1.00000000000000
-187.84172368433792 1298.20711506763473 2.75085776835145 1.00000000000000
-187.94591041153762 1298.25346571858972 2.75081163393260 1.00000000000000
-188.04842556244694 1298.29932555789128 2.75043576480482 1.00000000000000
-188.14967096562032 1298.34413120709360 2.75033057926554 1.00000000000000
-188.24994404450990 1298.38838887447491 2.75068835750837 1.00000000000000
-188.34905986045487 1298.43243939056993 2.75017882938241 1.00000000000000
-188.44749613839667 1298.47657383745536 2.74958152224858 1.00000000000000
-188.54580516275018 1298.52043401869014 2.74995777935512 1.00000000000000
-188.64414047880564 1298.56411740044132 2.74973051401666 1.00000000000000
-188.74287122831447 1298.60786861227825 2.74961207086848 1.00000000000000
-188.84245149383787 1298.65178674925119 2.74988620880572 1.00000000000000
-188.94294964708388 1298.69642482465133 2.74987795937454 1.00000000000000
-189.04459650069475 1298.74143095733598 2.74991151075757 1.00000000000000
-189.14851535996422 1298.78714160528034 2.74966336389718 1.00000000000000
-189.25252705765888 1298.83306417521089 2.74912973359490 1.00000000000000
-189.35772708547302 1298.87934586778283 2.74994850486590 1.00000000000000
-189.46450511517469 1298.92607555771247 2.75053731318841 1.00000000000000
-189.57259732473176 1298.97278175223619 2.75051310616915 1.00000000000000
-189.68159554107115 1299.01984005142003 2.75093609463742 1.00000000000000
-189.79153824411333 1299.06755536701530 2.75138445530718 1.00000000000000
-189.90269867714960 1299.11595160141587 2.75156216468920 1.00000000000000
-190.01547231595032 1299.16453781304881 2.75209861601318 1.00000000000000
-190.12939229619224 1299.21407353924587 2.75203189310581 1.00000000000000
-190.24357030558167 1299.26386930048466 2.75226957587147 1.00000000000000
-190.36045653990004 1299.31442494271323 2.75269444166475 1.00000000000000
-190.47706333390670 1299.36496702814475 2.75310929556546 1.00000000000000
-190.59652527346043 1299.41615343326703 2.75359304652417 1.00000000000000
-190.71591107558925 1299.46783176483586 2.75361960247772 1.00000000000000
-190.83784090261906 1299.52017968427390 2.75413442871948 1.00000000000000
-190.95954703149619 1299.57286511175334 2.75430273325461 1.00000000000000
-191.08247541438323 1299.62542802840471 2.75502077323262 1.00000000000000
-191.20897256053286 1299.67990541178733 2.75536027033956 1.00000000000000
-191.33591216726927 1299.73486529011279 2.75522963884656 1.00000000000000
-191.46347697777674 1299.79019772447646 2.75565108123987 1.00000000000000
-191.59326456004055 1299.84627556568012 2.75555856593544 1.00000000000000
-191.72317963751266 1299.90250205667689 2.75556615033904 1.00000000000000
-191.85310640558600 1299.95843015378341 2.75601445825375 1.00000000000000
-191.98161003831774 1300.01395003125072 2.75599221889666 1.00000000000000
-192.11016650870442 1300.06929709995165 2.75590846234092 1.00000000000000
-192.23788522195537 1300.12489212164655 2.75656921915084 1.00000000000000
-192.36442836490460 1300.17951883887872 2.75671755708607 1.00000000000000
-192.48974067019299 1300.23318312224001 2.75652250675336 1.00000000000000
-192.61339742853306 1300.28583383932710 2.75715518052188 1.00000000000000
-192.73618785588769 1300.33791281189770 2.75749761614152 1.00000000000000
-192.85802581859753 1300.38979123206809 2.75777366028987 1.00000000000000
-192.97858824103605 1300.44136118004099 2.75824629949288 1.00000000000000
-193.09821911057224 1300.49224869254977 2.75855305053605 1.00000000000000
-193.21760018658824 1300.54293546639383 2.75874341545267 1.00000000000000
-193.33616345829796 1300.59390139207244 2.75906305375948 1.00000000000000
-193.45526360627264 1300.64487266447395 2.75909580571951 1.00000000000000
-193.57301794941304 1300.69506877101958 2.75911105204218 1.00000000000000
-193.69114452449139 1300.74565888894722 2.75928970701160 1.00000000000000
-193.80856565479189 1300.79558650497347 2.75959123026561 1.00000000000000
-193.92578252492240 1300.84560062643141 2.75980264410548 1.00000000000000
-194.04264962906018 1300.89471379900351 2.76013913348625 1.00000000000000
-194.15861970948754 1300.94405573653057 2.76034398095940 1.00000000000000
-194.27386426331941 1300.99288831278682 2.76057107239694 1.00000000000000
-194.38907388004009 1301.04204374831170 2.76080238338598 1.00000000000000
-194.50395372742787 1301.09051254112273 2.76146758901704 1.00000000000000
-194.61755202570930 1301.13788225920871 2.76181942948334 1.00000000000000
-194.72944402648136 1301.18454439518973 2.76193576971293 1.00000000000000
-194.83850316388998 1301.23038835311309 2.76236876350671 1.00000000000000
-194.94357673532795 1301.27466335380450 2.76271462717441 1.00000000000000
-195.04795987880789 1301.31828484172001 2.76269421968806 1.00000000000000
-195.15233301551780 1301.36227713711560 2.76262443333106 1.00000000000000
-195.25526386033744 1301.40515010757372 2.76297984531759 1.00000000000000
-195.35619646043051 1301.44740115851164 2.76287628535017 1.00000000000000
-195.45431135711260 1301.48893066635355 2.76267646311212 1.00000000000000
-195.55036582192406 1301.52941510267556 2.76241050024643 1.00000000000000
-195.64414571906673 1301.56925078528002 2.76220361349401 1.00000000000000
-195.78139897971414 1301.62728018406779 2.76087013245970 1.00000000000000
-195.91230588039616 1301.68415456498042 2.75670083614770 1.00000000000000
-196.03975889435969 1301.73926697531715 2.75305884851962 1.00000000000000
-196.16203128197230 1301.79392800573260 2.74800250423003 1.00000000000000
-196.28062270343071 1301.84669899381697 2.74307976047244 1.00000000000000
-196.39359455526574 1301.89925280911848 2.73633422558309 1.00000000000000
-196.50236683356343 1301.94990687072277 2.72928195426725 1.00000000000000
-196.60635220434051 1302.00152665935457 2.72073820632824 1.00000000000000
-196.71397616522154 1302.05366706522182 2.71201557476221 1.00000000000000
-196.81273476738716 1302.10538169974461 2.70168764646377 1.00000000000000
-196.90830264345277 1302.15481741400436 2.69114964002421 1.00000000000000
-197.00115219323197 1302.20716187776998 2.67760908750488 1.00000000000000
-197.09754013712518 1302.26083912141621 2.66313376349582 1.00000000000000
-197.19392618443817 1302.31994424620643 2.64643200105813 1.00000000000000
-197.29419016145403 1302.38044144632295 2.62828478664735 1.00000000000000
-197.39429876976646 1302.44728349149227 2.60691335264171 1.00000000000000
-197.49850588216214 1302.51646123779938 2.58516203681104 1.00000000000000
-197.60143398330547 1302.59338245354593 2.55885338236723 1.00000000000000
-197.70631307549775 1302.67178877117112 2.53190027301480 1.00000000000000
-197.80899718275759 1302.75910522649065 2.50012410819940 1.00000000000000
-197.91337128309533 1302.84806193225086 2.46810293094290 1.00000000000000
-198.01236190728378 1302.94637398933992 2.43146922306531 1.00000000000000
-198.11179052654188 1303.04530361294746 2.39487784950785 1.00000000000000
-198.20426844077883 1303.15488511510193 2.35484537621168 1.00000000000000
-198.29742059216369 1303.26494001829997 2.31541643998294 1.00000000000000
-198.38115786830895 1303.38541698036715 2.27260427509197 1.00000000000000
-198.46577984641772 1303.50533361546695 2.23209627127288 1.00000000000000
-198.53849040286150 1303.63568151090294 2.18867519369928 1.00000000000000
-198.61240341747180 1303.76353562995791 2.14790873022119 1.00000000000000
-198.67322629422415 1303.90018945746124 2.10404641128420 1.00000000000000
-198.73547160462476 1304.03438659012318 2.06336175282870 1.00000000000000
-198.78346655814676 1304.17662930209190 2.01880145104456 1.00000000000000
-198.83336521184538 1304.31628995854408 1.97685779515911 1.00000000000000
-198.86802907579113 1304.46288665942848 1.93277828274789 1.00000000000000
-198.90538007958094 1304.60541753238067 1.89183436422646 1.00000000000000
-198.92642801877810 1304.75280589191243 1.84814890916107 1.00000000000000
-198.95134277443867 1304.89576558722183 1.80859851387949 1.00000000000000
-198.96047815645579 1305.04263113299385 1.76649863811229 1.00000000000000
-198.97332606918644 1305.18479684786871 1.72901567520010 1.00000000000000
-198.97020931041334 1305.32901182537898 1.68918645649325 1.00000000000000
-198.97204222844448 1305.46867026714608 1.65307202810463 1.00000000000000
-198.95901542552747 1305.60914238868281 1.61432040513964 1.00000000000000
-198.95056966098491 1305.74706100765616 1.57892083981885 1.00000000000000
-198.92809252475854 1305.88301112130284 1.54200620543910 1.00000000000000
-198.91042641364038 1306.01760544395074 1.50822737827781 1.00000000000000
-198.87917487835512 1306.15014431066811 1.47223724875929 1.00000000000000
-198.85298043314833 1306.28158028470352 1.43930480044025 1.00000000000000
-198.81414074439090 1306.40996724693105 1.40424869074558 1.00000000000000
-198.78039339958923 1306.53695001965389 1.37237652042065 1.00000000000000
-198.73334906430682 1306.65928741591051 1.33646089915403 1.00000000000000
-198.69037301628850 1306.78072090027854 1.30373105324729 1.00000000000000
-198.63547621958423 1306.89784215297550 1.26778390037581 1.00000000000000
-198.58546443702653 1307.01550481468439 1.23613197255890 1.00000000000000
-198.52452425868250 1307.12755434447899 1.20178590637476 1.00000000000000
-198.46807990467642 1307.24041320290416 1.17241526295000 1.00000000000000
-198.40139050193829 1307.34998522652313 1.14427141671781 1.00000000000000
-198.33913828886580 1307.46112486300990 1.11879865685523 1.00000000000000
-198.26836518658092 1307.56907727895305 1.09571891721523 1.00000000000000
-198.20105967856944 1307.67976484680548 1.07951808955596 1.00000000000000
-198.12774382188218 1307.78791292756796 1.06903667547726 1.00000000000000
-198.06035342760151 1307.90034151729196 1.06808515704949 1.00000000000000
-197.99093529814854 1308.01341779390350 1.07040257844619 1.00000000000000
-197.92301729368046 1308.13157347077504 1.07627459196251 1.00000000000000
-197.85670530865900 1308.25086380261928 1.08059942183223 1.00000000000000
-197.79061298043234 1308.37347907293588 1.08767625809199 1.00000000000000
-197.72755716979736 1308.49951031897217 1.09442968884186 1.00000000000000
-197.66290793602820 1308.62795838620514 1.10127587515038 1.00000000000000
-197.60274733050028 1308.76248951070011 1.10931694411152 1.00000000000000
-197.56142904609442 1308.85491283377632 1.11351359151970 1.00000000000000
-197.51983644149732 1308.95011500688270 1.11888772906989 1.00000000000000
-197.47822622337844 1309.04815616225824 1.12343170819839 1.00000000000000
-197.43631516490132 1309.14936336688697 1.12781055701184 1.00000000000000
-197.39419933897443 1309.25389640871435 1.13254957914448 1.00000000000000
-197.35154622106347 1309.36152825318277 1.13642369037703 1.00000000000000
-197.30881389969727 1309.47185012884438 1.14000894438663 1.00000000000000
-197.26558236172423 1309.58476309105754 1.14394372946742 1.00000000000000
-197.22224041272420 1309.70064935879782 1.14743696078467 1.00000000000000
-197.17842806555564 1309.81897865142673 1.15099832422120 1.00000000000000
-197.13444777426776 1309.93999394448474 1.15523226103390 1.00000000000000
-197.09024174686056 1310.06339145964012 1.15936878752041 1.00000000000000
-197.04549677192699 1310.18921728152782 1.16309412081246 1.00000000000000
-197.00037065963261 1310.31771291093901 1.16667534487510 1.00000000000000
-196.95517385879066 1310.44846352282912 1.17068797705615 1.00000000000000
-196.90946286567487 1310.58115166425705 1.17445677530159 1.00000000000000
-196.86355583480326 1310.71589390654117 1.17746560855289 1.00000000000000
-196.81734745140420 1310.85266871284693 1.18086027375809 1.00000000000000
-196.77059530420229 1310.99113370198756 1.18430370838987 1.00000000000000
-196.72379437135532 1311.13084212923422 1.18730553508727 1.00000000000000
-196.67641369084595 1311.27246337896213 1.19038137920364 1.00000000000000
-196.62847266322933 1311.41632796172053 1.19369951945605 1.00000000000000
-196.58006942411885 1311.56204068427905 1.19686911631451 1.00000000000000
-196.53104299539700 1311.70956418430433 1.19936566927455 1.00000000000000
-196.48125677823555 1311.85905299056321 1.20205668406066 1.00000000000000
-196.43074253364466 1312.01034739660099 1.20456409612494 1.00000000000000
-196.37948762287851 1312.16344185825437 1.20659028822750 1.00000000000000
-196.32773463008925 1312.31836239947006 1.20865880833063 1.00000000000000
-196.27525101706851 1312.47482503252104 1.21062585436562 1.00000000000000
-196.22257782611996 1312.63185624545440 1.21244209939852 1.00000000000000
-196.16986861813348 1312.78882898157462 1.21401639802590 1.00000000000000
-196.11694135452854 1312.94588239910081 1.21534632762183 1.00000000000000
-196.06406570947729 1313.10264547960833 1.21675993587071 1.00000000000000
-196.01211680669803 1313.25634440081194 1.21789898311238 1.00000000000000
-195.96070407627849 1313.40759695181623 1.21872279330121 1.00000000000000
-195.90773925610119 1313.56168169807643 1.21935201518026 1.00000000000000
-195.85485218145186 1313.71437268378213 1.21969114759815 1.00000000000000
-195.80261279141996 1313.86490406654775 1.22022759678356 1.00000000000000
-195.75052724615671 1314.01364119583741 1.22011396704488 1.00000000000000
-195.69886211154517 1314.16005838848650 1.22028719961450 1.00000000000000
-195.64714930066839 1314.30563674122095 1.22097869830695 1.00000000000000
-195.59493735269643 1314.45149796735495 1.22052436762877 1.00000000000000
-195.54181593225803 1314.59868658520281 1.22026840633552 1.00000000000000
-195.48775137867779 1314.74669171916321 1.22036422768284 1.00000000000000
-195.43435016635340 1314.89194231806323 1.21980914227198 1.00000000000000
-195.38146121375030 1315.03463488956913 1.21923862257573 1.00000000000000
-195.32846447022166 1315.17718701064587 1.21866348462946 1.00000000000000
-195.27515892963856 1315.31951403338462 1.21792874577737 1.00000000000000
-195.22139276110101 1315.46212446130812 1.21724208001389 1.00000000000000
-195.16697000898421 1315.60510342894122 1.21634004795218 1.00000000000000
-195.11216666630935 1315.74832381866872 1.21589058543395 1.00000000000000
-195.05683205981040 1315.89272995293140 1.21547339678563 1.00000000000000
-195.00053608615417 1316.03889445122331 1.21447922198286 1.00000000000000
-194.94346056395443 1316.18549779197201 1.21326460226261 1.00000000000000
-194.88573040580377 1316.33264942606911 1.21238119662561 1.00000000000000
-194.82773301890120 1316.47970763407648 1.21104420889239 1.00000000000000
-194.76929048728198 1316.62693352578208 1.20983343083559 1.00000000000000
-194.71047915914096 1316.77484669396654 1.20869803778786 1.00000000000000
-194.65143998328131 1316.92147931642830 1.20742016134209 1.00000000000000
-194.59248577815015 1317.06737354537472 1.20603175179026 1.00000000000000
-194.53358192153974 1317.21200651489198 1.20497559464496 1.00000000000000
-194.47485575889004 1317.35596262337640 1.20451354469456 1.00000000000000
-194.41602159559261 1317.49939624313265 1.20302857007051 1.00000000000000
-194.35705745423911 1317.64223680039868 1.20162085146648 1.00000000000000
-194.29840568755753 1317.78396318340674 1.20064583581086 1.00000000000000
-194.23974282608833 1317.92505084956065 1.19944786703174 1.00000000000000
-194.18090579519048 1318.06516060791910 1.19788868207598 1.00000000000000
-194.12277642765548 1318.20380221493542 1.19681363088344 1.00000000000000
-194.06453828501981 1318.34132738364860 1.19551628237290 1.00000000000000
-194.00637380644912 1318.47792750736699 1.19427007284545 1.00000000000000
-193.94852836633800 1318.61358270002529 1.19351996500135 1.00000000000000
-193.89066523732617 1318.74871350871399 1.19214177129939 1.00000000000000
-193.83288312901277 1318.88306337641552 1.19091853544830 1.00000000000000
-193.77516653708881 1319.01634109811857 1.18986376561837 1.00000000000000
-193.71708941773977 1319.14878297830001 1.18844805452265 1.00000000000000
-193.65936422691448 1319.28116457862779 1.18705408851228 1.00000000000000
-193.60162364365533 1319.41247257543728 1.18575448392836 1.00000000000000
-193.54390741512179 1319.54349841596559 1.18404254171815 1.00000000000000
-193.48640802549198 1319.67362451553345 1.18275340333233 1.00000000000000
-193.42889712296892 1319.80246263695881 1.18143302112435 1.00000000000000
-193.37156353890896 1319.93089369079098 1.17981297376331 1.00000000000000
-193.31433373852633 1320.05825833696872 1.17924291678854 1.00000000000000
-193.25758738943841 1320.18465751130134 1.17878831671922 1.00000000000000
-193.20106441597454 1320.31058162404224 1.17749949081759 1.00000000000000
-193.14548156806268 1320.43384576728567 1.17716056864177 1.00000000000000
-193.09116107661976 1320.55353734921664 1.17691961622730 1.00000000000000
-193.03651097806869 1320.67423015180975 1.17615401072202 1.00000000000000
-192.98203809640836 1320.79510565614328 1.17544853904510 1.00000000000000
-192.92785315593937 1320.91442810790613 1.17520953882157 1.00000000000000
-192.87421776575502 1321.03287491248921 1.17445348592810 1.00000000000000
-192.82098955300171 1321.14982780953869 1.17374222918454 1.00000000000000
-192.76845826214412 1321.26502259261906 1.17360034720110 1.00000000000000
-192.71669104875764 1321.37858085427433 1.17321598535249 1.00000000000000
-192.66562708903803 1321.49098797282204 1.17296186764839 1.00000000000000
-192.61516001098789 1321.60183522850275 1.17289005986655 1.00000000000000
-192.56524365267251 1321.71132676163688 1.17250009650180 1.00000000000000
-192.51585732784588 1321.81947424542159 1.17220672448862 1.00000000000000
-192.46715401334222 1321.92626919783652 1.17185645326384 1.00000000000000
-192.41901599126868 1322.03141483897343 1.17145133471589 1.00000000000000
-192.37104874505894 1322.13560851523653 1.17061155461945 1.00000000000000
-192.32338733610231 1322.23845087876543 1.16971241759345 1.00000000000000
-192.27669713867363 1322.33945377077907 1.16954599119334 1.00000000000000
-192.23048050736543 1322.43885728577152 1.16883826951538 1.00000000000000
-192.18487322574947 1322.53698593750596 1.16796611494947 1.00000000000000
-192.13986117695458 1322.63338366104290 1.16780308212701 1.00000000000000
-192.09547410497908 1322.72821480222046 1.16722635273318 1.00000000000000
-192.05166017549345 1322.82182563981041 1.16607564111646 1.00000000000000
-192.00820974115049 1322.91386352805421 1.16586052218052 1.00000000000000
-191.96514546370599 1323.00520175695419 1.16576112417503 1.00000000000000
-191.90274288435467 1323.13996300427243 1.16453456503617 1.00000000000000
-191.84003975562518 1323.27065480686724 1.16405624935388 1.00000000000000
-191.77999781374820 1323.40004105167463 1.16422791566892 1.00000000000000
-191.72046125429915 1323.52509065717459 1.16348198240254 1.00000000000000
-191.66329411219340 1323.64833787921816 1.16325660234539 1.00000000000000
-191.60799346060958 1323.76418232405558 1.16233893260208 1.00000000000000
-191.55780927417800 1323.87185079185292 1.16242089216203 1.00000000000000
-191.51242341042962 1323.96665008086711 1.16229113167405 1.00000000000000
-191.46166777645703 1324.07381130289286 1.16221345715689 1.00000000000000
-191.41410428110976 1324.17489281157032 1.16243682125710 1.00000000000000
