-190.56051944044884 1301.22196505451575 1.04155818184720 1.00000000000000
-190.48385207995307 1301.30309936543927 1.06398977718529 1.00000000000000
-190.42228394118138 1301.39037089748308 1.07348356806596 1.00000000000000
-190.36482568806969 1301.48197200801224 1.07841419522189 1.00000000000000
-190.29805953160394 1301.58923621708527 1.08323169690268 1.00000000000000
-190.24088378658053 1301.68597928062081 1.08568243196333 1.00000000000000
-190.17892092035618 1301.79280328145251 1.08750779704681 1.00000000000000
-190.11304452252807 1301.90796260535717 1.08872244432578 1.00000000000000
-190.06124692643061 1302.00088017340750 1.08978902116072 1.00000000000000
-190.00566308671841 1302.09919430362061 1.09084345885137 1.00000000000000
-189.94893304019934 1302.20230895327404 1.09198639730122 1.00000000000000
-189.88880402402719 1302.31153013883159 1.09332112390637 1.00000000000000
-189.82782380143180 1302.42447429755703 1.09467173508229 1.00000000000000
-189.76521302771289 1302.54296292550862 1.09736255880369 1.00000000000000
-189.70149800763465 1302.66454944806173 1.09900846904238 1.00000000000000
-189.63888274889905 1302.78954682918265 1.10311752402581 1.00000000000000
-189.57505184994079 1302.91548268124461 1.10451872800006 1.00000000000000
-189.51352713973029 1303.04629620956257 1.10971849307303 1.00000000000000
-189.45026033825707 1303.17631711438298 1.11207553312376 1.00000000000000
-189.39099950541276 1303.30977121973410 1.11772369848029 1.00000000000000
-189.32943457999500 1303.44163443613797 1.12069884525974 1.00000000000000
-189.27114935568534 1303.57934102788568 1.12673331352435 1.00000000000000
-189.23122910253005 1303.67150413524359 1.13010914040992 1.00000000000000
-189.19134233333170 1303.76480897795409 1.13306299416904 1.00000000000000
-189.15142256906256 1303.85888360161334 1.13638768192403 1.00000000000000
-189.11170967563521 1303.95336370030418 1.13958726136911 1.00000000000000
-189.07177732745185 1304.04899732023478 1.14211393118557 1.00000000000000
-189.03184101189254 1304.14572937879711 1.14529196164093 1.00000000000000
-188.99196915701032 1304.24304728163406 1.14793684979580 1.00000000000000
-188.95220371737378 1304.34073609858751 1.15054608497308 1.00000000000000
-188.91260869323742 1304.43925599567592 1.15353587428598 1.00000000000000
-188.87267370789777 1304.53831710107625 1.15616327878390 1.00000000000000
-188.83276659977855 1304.63774049188942 1.15878443560988 1.00000000000000
-188.79302723775618 1304.73781079100445 1.16111193349838 1.00000000000000
-188.75290078180842 1304.83868343522772 1.16352587528754 1.00000000000000
-188.71258986374596 1304.94058552104980 1.16620782398649 1.00000000000000
-188.67207191023044 1305.04350682068616 1.16875893971211 1.00000000000000
-188.63149200478802 1305.14744300395250 1.17114887962838 1.00000000000000
-188.59042933367891 1305.25227658636868 1.17365657687102 1.00000000000000
-188.54902626201510 1305.35792091162875 1.17612434168804 1.00000000000000
-188.50729867024347 1305.46452952921391 1.17815837887770 1.00000000000000
-188.46534064854495 1305.57226688927040 1.18042863122602 1.00000000000000
-188.42305190785555 1305.68078008340672 1.18233967684208 1.00000000000000
-188.38072234153515 1305.78982672421262 1.18396095782565 1.00000000000000
-188.33818145236000 1305.89932219497859 1.18586265404868 1.00000000000000
-188.29570068907924 1306.00942663988099 1.18783168786492 1.00000000000000
-188.25287255778676 1306.11976807331666 1.18928350861742 1.00000000000000
-188.20992389402818 1306.23114816937596 1.19113774449476 1.00000000000000
-188.16693824797403 1306.34308748645708 1.19267134202834 1.00000000000000
-188.12396509741666 1306.45521789882332 1.19457185598164 1.00000000000000
-188.08045490493532 1306.56839490821585 1.19654731061878 1.00000000000000
-188.03672526043374 1306.68224014621228 1.19808004005190 1.00000000000000
-187.99302641185932 1306.79647168284282 1.19975753366775 1.00000000000000
-187.94898433284834 1306.91127703618258 1.20113750242223 1.00000000000000
-187.90491690981435 1307.02645255159587 1.20277526062598 1.00000000000000
-187.86085238144733 1307.14232668932527 1.20414966984776 1.00000000000000
-187.81658127927221 1307.25825799349695 1.20535497960831 1.00000000000000
-187.77202526887413 1307.37478620139882 1.20650838425740 1.00000000000000
-187.72752353549004 1307.49130376800895 1.20744599989582 1.00000000000000
-187.68295994854998 1307.60811648610979 1.20850489060916 1.00000000000000
-187.63805310672615 1307.72564788442105 1.20982517051850 1.00000000000000
-187.59320296393707 1307.84310133755207 1.21083732074478 1.00000000000000
-187.54797194944695 1307.96145465224981 1.21212224540917 1.00000000000000
-187.50239913683617 1308.07995924726129 1.21293946511843 1.00000000000000
-187.45630407484714 1308.19965732377023 1.21412924611793 1.00000000000000
-187.41002979269251 1308.32001900533214 1.21497306479311 1.00000000000000
-187.36359261919279 1308.44099584175274 1.21563253909471 1.00000000000000
-187.31705766078085 1308.56174817169085 1.21605093694745 1.00000000000000
-187.27045111393090 1308.68262847280130 1.21634508683918 1.00000000000000
-187.22379918966908 1308.80340399546549 1.21713521090487 1.00000000000000
-187.17693288368173 1308.92429581005126 1.21752535092563 1.00000000000000
-187.12986424413975 1309.04592816904187 1.21789310141451 1.00000000000000
-187.08249781199265 1309.16868473030627 1.21885140138976 1.00000000000000
-187.03537890547886 1309.29152817977592 1.21961834728661 1.00000000000000
-186.98850837245118 1309.41353505803272 1.22039617780765 1.00000000000000
-186.94139544141944 1309.53558521950617 1.22099953027169 1.00000000000000
-186.89417315827450 1309.65738705499098 1.22125628241933 1.00000000000000
-186.84704620519187 1309.77851920993999 1.22163719422110 1.00000000000000
-186.80029500066303 1309.89927944680676 1.22244127496558 1.00000000000000
-186.75376910419436 1310.01886756159365 1.22227027846608 1.00000000000000
-186.70771528134355 1310.13731277780607 1.22207808353876 1.00000000000000
-186.66193709103391 1310.25454800669104 1.22265682805124 1.00000000000000
-186.61615220783278 1310.37182670598850 1.22264756774065 1.00000000000000
-186.57019309344469 1310.48927829274908 1.22218728307169 1.00000000000000
-186.52418009552639 1310.60692497715354 1.22297885183119 1.00000000000000
-186.47829987143632 1310.72455973550677 1.22346752440408 1.00000000000000
-186.43189464078750 1310.84332273388281 1.22349285521954 1.00000000000000
-186.38459721882828 1310.96401878492907 1.22390853064142 1.00000000000000
-186.33685702888761 1311.08617775887251 1.22431966205614 1.00000000000000
-186.28865416056942 1311.20919750118628 1.22445975355408 1.00000000000000
-186.24014252435882 1311.33360944502056 1.22463002075810 1.00000000000000
-186.19094475411111 1311.45955273555592 1.22474521569093 1.00000000000000
-186.14135690301191 1311.58677341230214 1.22443883474447 1.00000000000000
-186.09117696539033 1311.71534763602540 1.22442710452220 1.00000000000000
-186.04042560339440 1311.84485188079998 1.22477263183316 1.00000000000000
-185.98929134604987 1311.97544512106106 1.22483131304539 1.00000000000000
-185.93802584835794 1312.10681499959901 1.22493423491922 1.00000000000000
-185.88648534123786 1312.23888468137011 1.22550784542757 1.00000000000000
-185.83500449551502 1312.37110066367313 1.22604991656074 1.00000000000000
-185.78322073706659 1312.50352160912007 1.22593608498543 1.00000000000000
-185.73118875286309 1312.63628531433642 1.22614089127836 1.00000000000000
-185.67932777164970 1312.76929936744273 1.22655118908378 1.00000000000000
-185.62719319481403 1312.90215332806110 1.22598865686195 1.00000000000000
-185.57553444505902 1313.03448514686897 1.22558176984783 1.00000000000000
-185.52416436653584 1313.16589614190161 1.22594788639024 1.00000000000000
-185.47327380231582 1313.29639895586297 1.22619233905640 1.00000000000000
-185.42307543364586 1313.42535636248067 1.22563515181299 1.00000000000000
-185.37335544946836 1313.55292764445767 1.22605578434364 1.00000000000000
-185.32400704105385 1313.67981605650857 1.22673644156939 1.00000000000000
-185.27496952319052 1313.80612947605550 1.22713934655427 1.00000000000000
-185.22673711506650 1313.92997586401179 1.22735132305406 1.00000000000000
-185.18025715078693 1314.05015586130321 1.22791207756673 1.00000000000000
-185.13381642347667 1314.17009325837716 1.22804002316119 1.00000000000000
-185.08706120454008 1314.29064446222037 1.22813792288314 1.00000000000000
-185.04074510280043 1314.41030440106988 1.22796643935318 1.00000000000000
-184.99506491032662 1314.52855313476175 1.22763364116216 1.00000000000000
-184.94979080394842 1314.64490923890844 1.22727348047250 1.00000000000000
-184.90562420140486 1314.75885175541043 1.22710129494328 1.00000000000000
-184.86209163186140 1314.87110672239214 1.22751258787614 1.00000000000000
-184.81909711152548 1314.98244299599901 1.22731124679214 1.00000000000000
-184.77615140978014 1315.09290697798133 1.22645313562257 1.00000000000000
-184.73338944010902 1315.20229641115293 1.22638095072202 1.00000000000000
-184.69076022680383 1315.31072364887223 1.22644345690176 1.00000000000000
-184.64835412288085 1315.41817279532552 1.22552797148918 1.00000000000000
-184.60638507368276 1315.52467173058540 1.22433983806770 1.00000000000000
-184.56479593005497 1315.62974487058818 1.22330516013895 1.00000000000000
-184.52381646272261 1315.73333069542423 1.22116623771214 1.00000000000000
-184.48306197253987 1315.83518819091842 1.21807689342389 1.00000000000000
-184.44258130120579 1315.93560173315927 1.21457481597536 1.00000000000000
-184.40215400612215 1316.03437030734494 1.21076178934150 1.00000000000000
-184.36187631834764 1316.13157255202532 1.20669340772407 1.00000000000000
-184.32157807127805 1316.22777707921341 1.20206733809069 1.00000000000000
-184.28146271640435 1316.32222079485655 1.19746707273079 1.00000000000000
-184.24148920510197 1316.41504725022241 1.19340669241560 1.00000000000000
-184.20140772161540 1316.50674372585490 1.18777156025303 1.00000000000000
-184.14114731887821 1316.64321037987247 1.17899926111667 1.00000000000000
-184.07881644059671 1316.77628318453208 1.17075300029110 1.00000000000000
-184.01791777473409 1316.90704908221960 1.16153833998231 1.00000000000000
-183.95529142033774 1317.03286416176707 1.15179492205055 1.00000000000000
-183.89411812415347 1317.15670629125088 1.14164202148821 1.00000000000000
-183.82863092893967 1317.28015258256346 1.13084155911218 1.00000000000000
-183.76409701735247 1317.40414489759132 1.11977496264061 1.00000000000000
-183.69845251855440 1317.51994747854769 1.10801301621051 1.00000000000000
-183.63469621865079 1317.63438385585323 1.09585903763553 1.00000000000000
-183.56762037891895 1317.74496529204771 1.08169591340609 1.00000000000000
-183.50077972118743 1317.85716269444674 1.06759194688838 1.00000000000000
-183.42919187422376 1317.96675403183326 1.05094492298979 1.00000000000000
-183.35755681642331 1318.07787775946781 1.03347484727999 1.00000000000000
-183.28098244941793 1318.18488236842677 1.01270692483455 1.00000000000000
-183.20475560775958 1318.29295440996066 0.99295162216517 1.00000000000000
-183.12258131086128 1318.39617618359625 0.97065619879660 1.00000000000000
-183.04127575713210 1318.50047463458031 0.95018491555489 1.00000000000000
-182.95499783859123 1318.59839004883543 0.92725933009888 1.00000000000000
-182.86981982825091 1318.69766362756491 0.90599820982447 1.00000000000000
-182.77909531677142 1318.79073360702023 0.88252964748401 1.00000000000000
-182.69013990834355 1318.88487331895158 0.86121061498166 1.00000000000000
-182.59554986027069 1318.97226321697235 0.83689640738759 1.00000000000000
-182.50307203258853 1319.06098345946521 0.81403390644947 1.00000000000000
-182.40466652717441 1319.14284279244021 0.78923841686044 1.00000000000000
-182.30769659409998 1319.22688821284100 0.76616607580102 1.00000000000000
-182.20511550962692 1319.30363978445530 0.74129243398368 1.00000000000000
-182.10488463647198 1319.38221401628107 0.71812094555302 1.00000000000000
-181.99834340770030 1319.45337781356648 0.69228781751903 1.00000000000000
-181.89246927190106 1319.52780137024820 0.66757201186591 1.00000000000000
-181.77893554390175 1319.59575642691925 0.64085359191652 1.00000000000000
-181.66364890179830 1319.66869143443182 0.61525710754669 1.00000000000000
-181.54002003453206 1319.73478540685028 0.58687180708735 1.00000000000000
-181.41493411245756 1319.80481833033264 0.56047951115647 1.00000000000000
-181.28242831281386 1319.86658181110397 0.53133399908967 1.00000000000000
-181.14953859453090 1319.93172178231180 0.50418895071017 1.00000000000000
-181.05763139913324 1319.97161444649100 0.48477225174271 1.00000000000000
-180.96404075378086 1320.01025384292006 0.46551749063572 1.00000000000000
-180.86885312455706 1320.04755658935755 0.44596091996659 1.00000000000000
-180.77185569168068 1320.08339004358277 0.42598059796286 1.00000000000000
-180.67341851891251 1320.11775972787291 0.40605497616017 1.00000000000000
-180.57294786249986 1320.15030991239473 0.38588953915782 1.00000000000000
-180.47126674652100 1320.18166155833751 0.36601446046676 1.00000000000000
-180.36807090637740 1320.21108728041872 0.34593799095623 1.00000000000000
-180.26328919717344 1320.23894943483174 0.32606620223973 1.00000000000000
-180.15728333522566 1320.26501286448911 0.30599719431977 1.00000000000000
-180.04964748234488 1320.28921640990302 0.28569556417418 1.00000000000000
-179.94066018296871 1320.31150325015187 0.26529681479676 1.00000000000000
-179.83129001234192 1320.33183359960094 0.24533238651777 1.00000000000000
-179.72163533105049 1320.34994635917246 0.22473784289394 1.00000000000000
-179.61162048717961 1320.36606079526246 0.20428967195511 1.00000000000000
-179.50018801435363 1320.38063936913386 0.18421927335193 1.00000000000000
-179.38871426001424 1320.39312927983701 0.16395816132511 1.00000000000000
-179.27691192086786 1320.40327103855088 0.14337084806123 1.00000000000000
-179.16495094291167 1320.41135455435142 0.12357194861943 1.00000000000000
-179.05293369374704 1320.41728881094605 0.10386581518851 1.00000000000000
-178.94087843829766 1320.42105832975358 0.08350442169975 1.00000000000000
-178.82888122054283 1320.42281724512577 0.06378208550728 1.00000000000000
-178.71680082665989 1320.42246415792033 0.04495325842491 1.00000000000000
-178.60484365321463 1320.41995765222237 0.02577715849759 1.00000000000000
-178.49382672860520 1320.41540739918128 0.00626792857990 1.00000000000000
-178.38400354143232 1320.40890965983272 -0.01224514257929 1.00000000000000
-178.27556061674841 1320.40076330117881 -0.03056660550974 1.00000000000000
-178.16807483974844 1320.39055143948644 -0.04943540758725 1.00000000000000
-178.06293205532711 1320.37846240028739 -0.06758397115217 1.00000000000000
-177.95916827657493 1320.36481652362272 -0.08513288280791 1.00000000000000
-177.85759999795118 1320.34938196232542 -0.10306581709240 1.00000000000000
-177.75745362124871 1320.33282910380512 -0.12026415431497 1.00000000000000
-177.65878635650733 1320.31453405506909 -0.13714822233274 1.00000000000000
-177.51511690672487 1320.28353254031390 -0.16258161069656 1.00000000000000
-177.37392956158146 1320.25294698402286 -0.18626439810613 1.00000000000000
-177.23836831480730 1320.21643715305254 -0.20949950632451 1.00000000000000
-177.10483099496923 1320.18082929542288 -0.23094720706060 1.00000000000000
-176.97722045361297 1320.13989019999281 -0.25096966428281 1.00000000000000
-176.85150374926161 1320.10092187300324 -0.27204854864063 1.00000000000000
-176.72940251964610 1320.05740659404546 -0.28943050632293 1.00000000000000
-176.60790405148873 1320.01509650610387 -0.30864834900943 1.00000000000000
-176.48955399554688 1319.96820398978889 -0.32642134017657 1.00000000000000
-176.37083824037109 1319.92200688133016 -0.34510260231489 1.00000000000000
-176.25541877286742 1319.87200603168458 -0.36284107257880 1.00000000000000
-176.13806647091405 1319.82179281534627 -0.38025871529306 1.00000000000000
-176.02273711567977 1319.76718412805349 -0.39820206395517 1.00000000000000
-175.90650254010689 1319.71261712303385 -0.41476546750295 1.00000000000000
-175.79132026748266 1319.65302775800228 -0.43297388605031 1.00000000000000
-175.67440744338091 1319.59320394648239 -0.44875422403417 1.00000000000000
-175.55866577406414 1319.52935809176415 -0.46680419979550 1.00000000000000
-175.44060140731744 1319.46446274034679 -0.48405783846436 1.00000000000000
-175.32254849845776 1319.39467280870304 -0.50197715474396 1.00000000000000
-175.20228987175506 1319.32326334249228 -0.51968827809539 1.00000000000000
-175.08245383074973 1319.24740509688854 -0.53814435197250 1.00000000000000
-174.96086691605160 1319.16945583606139 -0.55643615162458 1.00000000000000
-174.83898571599275 1319.08658815640956 -0.57529281144539 1.00000000000000
-174.71662688499782 1319.00183754414320 -0.59407980634344 1.00000000000000
-174.63530029426329 1318.94295608066022 -0.60723103077008 1.00000000000000
-174.55472524464130 1318.88289722101763 -0.62106658899492 1.00000000000000
-174.47419474209892 1318.82131489226595 -0.63453357460843 1.00000000000000
-174.39428664266597 1318.75850572763011 -0.64807659294316 1.00000000000000
-174.31458481081063 1318.69429183844477 -0.66172319102453 1.00000000000000
-174.23554793978110 1318.62894309731200 -0.67558188691026 1.00000000000000
-174.15648078848608 1318.56206491542980 -0.68871206261364 1.00000000000000
-174.07778657093877 1318.49309272086248 -0.70261752270113 1.00000000000000
-174.00007228157483 1318.42296266928315 -0.71670074616271 1.00000000000000
-173.92169051058590 1318.35041594039649 -0.73059704613526 1.00000000000000
-173.84353450615890 1318.27653168747202 -0.74509108477513 1.00000000000000
-173.76660486339824 1318.20130603387952 -0.75994084638587 1.00000000000000
-173.69001452677185 1318.12428029254079 -0.77458842169852 1.00000000000000
-173.61386974877678 1318.04526791442186 -0.78934889455869 1.00000000000000
-173.53818971867440 1317.96455913037062 -0.80419643000375 1.00000000000000
-173.46384359523654 1317.88251748215407 -0.81949807719795 1.00000000000000
-173.39007982524345 1317.79863415472209 -0.83506762776314 1.00000000000000
-173.31753029685933 1317.71370926219970 -0.85071073114784 1.00000000000000
-173.24566102970857 1317.62694168370217 -0.86638415627366 1.00000000000000
-173.17459444573615 1317.53807993791997 -0.88268848604956 1.00000000000000
-173.10436750948429 1317.44753503846005 -0.89909401321756 1.00000000000000
-173.03532279445790 1317.35473527805880 -0.91511975193277 1.00000000000000
-172.96780996560119 1317.26065175374970 -0.93157136810016 1.00000000000000
-172.90084965806454 1317.16401349101216 -0.94830982415613 1.00000000000000
-172.83515655563679 1317.06646743090823 -0.96449307109224 1.00000000000000
-172.77082808490377 1316.96683978009969 -0.98134873415101 1.00000000000000
-172.70833699696232 1316.86580806737766 -0.99902089089905 1.00000000000000
-172.64726582856383 1316.76291741011664 -1.01650599126337 1.00000000000000
-172.58760574331973 1316.65803666552529 -1.03436226004659 1.00000000000000
-172.52933453256264 1316.55129978060722 -1.05238391258901 1.00000000000000
-172.47293429280398 1316.44347005430609 -1.07016809073574 1.00000000000000
-172.41805864288472 1316.33384499233216 -1.08838155711116 1.00000000000000
-172.36493614315987 1316.22235302440822 -1.10675147195663 1.00000000000000
-172.31378576444695 1316.10981151740998 -1.12455458116481 1.00000000000000
-172.26427787967259 1315.99559388915077 -1.14247751522110 1.00000000000000
-172.21708944439888 1315.88125730818138 -1.16066605536482 1.00000000000000
-172.17258545092773 1315.76694665243849 -1.17804667994498 1.00000000000000
-172.13039004849270 1315.65282401582226 -1.19507089140398 1.00000000000000
-172.09103152866010 1315.54076643614098 -1.21196001588883 1.00000000000000
-172.05590963503346 1315.43431083904579 -1.22857057083357 1.00000000000000
-172.02221945871133 1315.32461707852781 -1.24519596535812 1.00000000000000
-171.99087387131294 1315.21730778040364 -1.26123929030729 1.00000000000000
-171.96150657121325 1315.10976025462151 -1.27687452903072 1.00000000000000
-171.93490086880047 1315.00414839480072 -1.29252901949202 1.00000000000000
-171.91009614744689 1314.90047642262653 -1.30819551224646 1.00000000000000
-171.88753511256073 1314.79822057066485 -1.32406290715822 1.00000000000000
-171.86717752012191 1314.69876294117421 -1.33956236298097 1.00000000000000
-171.84205641248263 1314.55297312792391 -1.36310024754402 1.00000000000000
-171.81857607618440 1314.41188769461587 -1.38509616614063 1.00000000000000
-171.80278754548635 1314.27775097172707 -1.40680059654104 1.00000000000000
-171.78745744616026 1314.14826589776203 -1.42755151076600 1.00000000000000
-171.77842447080184 1314.02157032024115 -1.44861544019428 1.00000000000000
-171.76920167251956 1313.89643480861560 -1.46860258913663 1.00000000000000
-171.76618441415485 1313.78084149630740 -1.48826232227108 1.00000000000000
-171.76271378563251 1313.67015223624185 -1.50668660582666 1.00000000000000
-171.76520085241646 1313.56767541915178 -1.52605823232739 1.00000000000000
-171.76634513837053 1313.46701550437137 -1.54380158913364 1.00000000000000
-171.77284199872520 1313.33861822867766 -1.56743933887059 1.00000000000000
-171.78228712547570 1313.21757456101477 -1.58977473518952 1.00000000000000
-171.79436609870754 1313.10278573213145 -1.61219551271863 1.00000000000000
-171.80906309030252 1312.99226856883615 -1.63388504739137 1.00000000000000
-171.82561606995296 1312.88492480479181 -1.65529616069617 1.00000000000000
-171.84481992351357 1312.77790418500081 -1.67813854142984 1.00000000000000
-171.86639255355112 1312.67040344234556 -1.70027266066982 1.00000000000000
-171.89059018134139 1312.56210118532181 -1.72324304548678 1.00000000000000
-171.91791736276355 1312.45131634594873 -1.74618636336663 1.00000000000000
-171.94818046898581 1312.33979860320687 -1.76893764282971 1.00000000000000
-171.98142057523364 1312.22617233172059 -1.79104993400841 1.00000000000000
-172.01778575265780 1312.10999656422064 -1.81054082653516 1.00000000000000
-172.05679904267890 1311.99229718372226 -1.82733654744036 1.00000000000000
-172.09843044582522 1311.87199415825307 -1.84323995688719 1.00000000000000
-172.14247461821651 1311.74903266085312 -1.85838829803339 1.00000000000000
-172.18821086478420 1311.62628362188116 -1.87357556012783 1.00000000000000
-172.22563072713092 1311.53195298276842 -1.88565153546406 1.00000000000000
-172.26194773218594 1311.43567785667256 -1.89746212956976 1.00000000000000
-172.30161008390132 1311.34015785157681 -1.90979374680364 1.00000000000000
-172.34074812394101 1311.24221582897007 -1.92077819015128 1.00000000000000
-172.38361606746912 1311.14295556768775 -1.93091057716980 1.00000000000000
-172.42635271704057 1311.04142698552459 -1.93783950675617 1.00000000000000
-172.47238489729352 1310.93775978032500 -1.94324338619452 1.00000000000000
-172.51798302540556 1310.83074555872008 -1.94642007640025 1.00000000000000
-172.56597672915086 1310.72116951737553 -1.94788089056050 1.00000000000000
-172.61368904681876 1310.60850636241958 -1.94805515889214 1.00000000000000
-172.66263185691787 1310.49263024330139 -1.94663461858573 1.00000000000000
-172.71194174373522 1310.37285723257810 -1.94526579990263 1.00000000000000
-172.76273396908073 1310.24716294463724 -1.94320594833197 1.00000000000000
-172.81488468684256 1310.11708699306473 -1.94083852858950 1.00000000000000
-172.86709127970971 1309.98085885588080 -1.93713955802464 1.00000000000000
-172.92136873397976 1309.84071127045900 -1.93393649446206 1.00000000000000
-172.95745688909665 1309.74363657971844 -1.93118201547564 1.00000000000000
-172.99417508003535 1309.64366372348741 -1.92875053964174 1.00000000000000
-173.03096374857705 1309.54193444736302 -1.92597621471094 1.00000000000000
-173.06811812904198 1309.43769441079348 -1.92219074999272 1.00000000000000
-173.10520329512656 1309.33127838326618 -1.91864026653131 1.00000000000000
-173.14248515293002 1309.22265836829320 -1.91470122289891 1.00000000000000
-173.17941575142322 1309.11301573878154 -1.91061837902356 1.00000000000000
-173.21625643892912 1309.00117570301518 -1.90626970609861 1.00000000000000
-173.25298494519666 1308.88787342701107 -1.90216541355197 1.00000000000000
-173.28900610492565 1308.77430145442486 -1.89798079230668 1.00000000000000
-173.32442717248341 1308.65975844673812 -1.89384998768198 1.00000000000000
-173.35949783329852 1308.54489258071408 -1.88941581425416 1.00000000000000
-173.39396423369180 1308.42972191795707 -1.88505219379168 1.00000000000000
-173.42807527264813 1308.31373682199046 -1.88067159025765 1.00000000000000
-173.46157952310750 1308.19825064623728 -1.87667507173470 1.00000000000000
-173.49456809443654 1308.08266950212419 -1.87237655218573 1.00000000000000
-173.52691249403870 1307.96780397370458 -1.86806056641717 1.00000000000000
-173.55844790418632 1307.85386211005971 -1.86364550706317 1.00000000000000
-173.58906968124211 1307.74072817526758 -1.85915842469848 1.00000000000000
-173.61891619832022 1307.62850364204496 -1.85580725849543 1.00000000000000
-173.64774583635153 1307.51880280300975 -1.85215288396381 1.00000000000000
-173.67587102495600 1307.41028323583305 -1.84695573591054 1.00000000000000
-173.70275798946386 1307.30457192566246 -1.84342632852015 1.00000000000000
-173.72878398670582 1307.20076062809676 -1.84056869715862 1.00000000000000
-173.75400246889330 1307.09808191005141 -1.83608164403049 1.00000000000000
-173.77880100894254 1306.99741217680275 -1.83242840196586 1.00000000000000
-173.80281051550992 1306.89858266478404 -1.82926653056251 1.00000000000000
-173.82749077910557 1306.80161063978449 -1.82632056806533 1.00000000000000
-173.86251186858863 1306.65911132330075 -1.82174170364351 1.00000000000000
-173.89787557325326 1306.52147976867855 -1.81856839875730 1.00000000000000
-173.93028143572155 1306.38590764906257 -1.81508279519559 1.00000000000000
-173.96330073790159 1306.25477953301743 -1.81276835343372 1.00000000000000
-173.99352393753361 1306.12562187807634 -1.81051810089108 1.00000000000000
-174.02414904406760 1306.00194410374388 -1.80961565868257 1.00000000000000
-174.05260806530714 1305.88179719867185 -1.80776382930844 1.00000000000000
-174.08089364820626 1305.76591582363471 -1.80654725798439 1.00000000000000
-174.10792411951115 1305.65004961565137 -1.80539783069751 1.00000000000000
-174.13596252759453 1305.53581300983205 -1.80434722561054 1.00000000000000
-174.16246599750593 1305.42348069930449 -1.80380953918844 1.00000000000000
-174.18951436958741 1305.31280242558569 -1.80289822186069 1.00000000000000
-174.21582020336064 1305.20319675421342 -1.80312366891119 1.00000000000000
-174.24295333860209 1305.09405265608802 -1.80242590396600 1.00000000000000
-174.26990401814692 1304.98438861593604 -1.80265484246040 1.00000000000000
-174.29748839419335 1304.87392653897405 -1.80231324953680 1.00000000000000
-174.32571113342419 1304.76170087046921 -1.80262182096273 1.00000000000000
-174.35412236268166 1304.64888939959928 -1.80279696646091 1.00000000000000
-174.38295667513739 1304.53480568155646 -1.80357582603224 1.00000000000000
-174.41225607006345 1304.42007007310167 -1.80372592635148 1.00000000000000
-174.44240665278630 1304.30338392732665 -1.80432045874393 1.00000000000000
-174.47272116411477 1304.18565952405334 -1.80441898349097 1.00000000000000
-174.50409452128224 1304.06628805305809 -1.80471259822378 1.00000000000000
-174.53499682713300 1303.94716486753896 -1.80482516818854 1.00000000000000
-174.56661037012236 1303.82776643428952 -1.80475599274936 1.00000000000000
-174.59768985328265 1303.70888943271711 -1.80447084429813 1.00000000000000
-174.62973169772886 1303.58911670232192 -1.80435081192763 1.00000000000000
-174.66137524222722 1303.46852992195636 -1.80433954103561 1.00000000000000
-174.69413374771830 1303.34730772674084 -1.80429819072574 1.00000000000000
-174.72607524704654 1303.22543593496084 -1.80437551205461 1.00000000000000
-174.75874509732239 1303.10440689232200 -1.80427910147360 1.00000000000000
-174.79022045835154 1302.98476231936365 -1.80429805058757 1.00000000000000
-174.82271728210617 1302.86541059939191 -1.80479014416315 1.00000000000000
-174.85389136965387 1302.74719148315489 -1.80493611204282 1.00000000000000
-174.88567733077798 1302.63109481986612 -1.80522607587141 1.00000000000000
-174.91609525470994 1302.51655916916206 -1.80580546594873 1.00000000000000
-174.94724850158673 1302.40360273886472 -1.80617589096094 1.00000000000000
-174.97673737967853 1302.29282099474221 -1.80646076292397 1.00000000000000
-175.00728147831978 1302.18309794086963 -1.80707330038575 1.00000000000000
-175.03623305342626 1302.07538412604481 -1.80752489035854 1.00000000000000
-175.06579475197941 1301.96873040543869 -1.80784917235373 1.00000000000000
-175.09380881051766 1301.86386145092547 -1.80755658743261 1.00000000000000
-175.12253365316428 1301.75986108090729 -1.80726569274523 1.00000000000000
-175.15004108281573 1301.65654529910535 -1.80639286796044 1.00000000000000
-175.17823053582106 1301.55431285174564 -1.80608173023605 1.00000000000000
-175.20465137070278 1301.45383709017187 -1.80352128511791 1.00000000000000
-175.23175044194795 1301.35416806349531 -1.80313953909465 1.00000000000000
-175.25816048315028 1301.25438084639609 -1.80118547834236 1.00000000000000
-175.28547291556606 1301.15420583309606 -1.79978413481617 1.00000000000000
-175.31154746230459 1301.05340157682076 -1.79782479133915 1.00000000000000
-175.33852315653348 1300.95187655789778 -1.79645228545567 1.00000000000000
-175.36437109200051 1300.85024970257655 -1.79426880889684 1.00000000000000
-175.39067544456339 1300.74829453881830 -1.79256647895621 1.00000000000000
-175.41591762576718 1300.64645442180336 -1.79066752420778 1.00000000000000
-175.44186326948693 1300.54293741285801 -1.78906936702507 1.00000000000000
-175.46718313411111 1300.43862133240327 -1.78690067817602 1.00000000000000
-175.49312593939248 1300.33303479850292 -1.78514641245723 1.00000000000000
-175.51843914866913 1300.22685182839632 -1.78379784086100 1.00000000000000
-175.54429361846996 1300.11953351600096 -1.78400464683284 1.00000000000000
-175.56972613104153 1300.01201568543911 -1.78394499213240 1.00000000000000
-175.59542963502463 1299.90403318498284 -1.78356116914709 1.00000000000000
-175.62128720252076 1299.79501872975379 -1.78375092809361 1.00000000000000
-175.64822420786368 1299.68450663471594 -1.78378519141936 1.00000000000000
-175.67458553577308 1299.57323938049376 -1.78420576016900 1.00000000000000
-175.70185710018268 1299.46115580946207 -1.78423686894943 1.00000000000000
-175.72859821026213 1299.34860721742734 -1.78495863266493 1.00000000000000
-175.75670645502396 1299.23395028989762 -1.78463697582861 1.00000000000000
-175.78428162843920 1299.11912836413831 -1.78527182579692 1.00000000000000
-175.81317649834091 1299.00269362190738 -1.78564980185182 1.00000000000000
-175.84166345454287 1298.88493153220043 -1.78594822680745 1.00000000000000
-175.87150345428381 1298.76454237103462 -1.78594645277051 1.00000000000000
-175.90061888494529 1298.64378942316398 -1.78633659067969 1.00000000000000
-175.93152900924906 1298.52147367410362 -1.78679431383715 1.00000000000000
-175.96167776943184 1298.39868126809597 -1.78695859644749 1.00000000000000
-175.99309320922475 1298.27518727816641 -1.78756994178880 1.00000000000000
-176.02314385760110 1298.15240415791050 -1.78787391785244 1.00000000000000
-176.05437939707190 1298.03067246545106 -1.78820890557503 1.00000000000000
-176.08371331787203 1297.91173958033323 -1.78787872621076 1.00000000000000
-176.11251733021345 1297.79992249934003 -1.78892557050207 1.00000000000000
-176.14052398828790 1297.68738600285724 -1.78865124756938 1.00000000000000
-176.17095293611055 1297.57375971600413 -1.79004382848674 1.00000000000000
-176.20066527253948 1297.45662770001218 -1.78996261882154 1.00000000000000
-176.23090758721810 1297.34456203784794 -1.79113535089944 1.00000000000000
-176.25864865735639 1297.23548488505185 -1.79095711983944 1.00000000000000
-176.28614909737371 1297.13366858661175 -1.79159259605854 1.00000000000000
-176.31253973010462 1297.03015884337947 -1.79204364903579 1.00000000000000
-176.34624747198541 1296.90192041173577 -1.79196070416776 1.00000000000000
-176.37892953888513 1296.77550786267966 -1.79236335093718 1.00000000000000
-176.41078562161420 1296.65194089757279 -1.79241620971818 1.00000000000000
-176.44101484294515 1296.53396324720234 -1.79236450737216 1.00000000000000
-176.46961264614947 1296.42315729614347 -1.79248477491744 1.00000000000000
-176.49669792567147 1296.31837096484378 -1.79268279887228 1.00000000000000
-176.52256183559075 1296.21844788640738 -1.79261623506013 1.00000000000000
-176.55080991936848 1296.11352860089391 -1.79287324802852 1.00000000000000
