-171.86357166629750 1309.54234441090375 2.88592182375873 1.00000000000000
-171.98630691150902 1309.57884962391108 2.88574514668012 1.00000000000000
-172.10580613400089 1309.61173313297331 2.88635469983194 1.00000000000000
-172.23001682787435 1309.64832867961377 2.88637808303703 1.00000000000000
-172.35137294360902 1309.68168582301587 2.88664791637902 1.00000000000000
-172.47743131860625 1309.71861237334087 2.88633344688674 1.00000000000000
-172.60033254785230 1309.75234738318250 2.88692684427200 1.00000000000000
-172.72787645092467 1309.78968762978911 2.88725255065897 1.00000000000000
-172.85225012432784 1309.82370035070926 2.88809160685101 1.00000000000000
-172.98102507746080 1309.86127315554768 2.88801635879344 1.00000000000000
-173.10723206569673 1309.89573914697394 2.88831333048833 1.00000000000000
-173.23824696696829 1309.93349716067314 2.88821732450902 1.00000000000000
-173.36571688373806 1309.96822620276362 2.88887414416011 1.00000000000000
-173.49745381384855 1310.00602289661765 2.88919179395218 1.00000000000000
-173.62624951347243 1310.04100176459178 2.88978142803749 1.00000000000000
-173.75938182167010 1310.07921530678868 2.88985392243808 1.00000000000000
-173.88907610235037 1310.11434369953349 2.89041315688991 1.00000000000000
-174.02262557676295 1310.15277427947149 2.89035146123550 1.00000000000000
-174.15305585390888 1310.18802444729954 2.89095218634946 1.00000000000000
-174.28429046156816 1310.22339931363240 2.89163125796495 1.00000000000000
-174.41884477413259 1310.26189533201978 2.89181060516056 1.00000000000000
-174.55418633681256 1310.30041269585490 2.89190470258318 1.00000000000000
-174.68632931634784 1310.33591528888792 2.89247989213343 1.00000000000000
-174.82225865172222 1310.37453562580049 2.89248814174277 1.00000000000000
-174.95495444518747 1310.41010419884697 2.89300964058205 1.00000000000000
-175.09104916575598 1310.44911795295775 2.89281248183566 1.00000000000000
-175.22432684525847 1310.48476493917406 2.89353145190801 1.00000000000000
-175.36075505468762 1310.52370839146897 2.89346225460384 1.00000000000000
-175.49442174821161 1310.55939502362162 2.89402052429125 1.00000000000000
-175.63124079525005 1310.59858710411936 2.89397009813096 1.00000000000000
-175.76545100379735 1310.63432670477778 2.89468092271957 1.00000000000000
-175.90284377348144 1310.67374450527132 2.89476420598372 1.00000000000000
-176.03765777242370 1310.70955573162064 2.89538648846810 1.00000000000000
-176.17523057741346 1310.74867616314441 2.89540181815314 1.00000000000000
-176.31064888340188 1310.78455153713003 2.89599460168837 1.00000000000000
-176.44876679842127 1310.82361857779324 2.89612187637528 1.00000000000000
-176.58408320369199 1310.85936034051701 2.89676667694546 1.00000000000000
-176.71966912521748 1310.89509554905817 2.89729116730105 1.00000000000000
-176.85775814432418 1310.93389090895653 2.89716470041639 1.00000000000000
-176.99624443729408 1310.97287406539544 2.89710998287917 1.00000000000000
-177.13280176976696 1311.00877533201128 2.89784515312157 1.00000000000000
-177.27148661587853 1311.04800544120371 2.89794187779851 1.00000000000000
-177.40803784044692 1311.08381164819002 2.89858767930739 1.00000000000000
-177.54687110602390 1311.12262077163905 2.89857940210085 1.00000000000000
-177.68349169747671 1311.15835506794974 2.89914486554695 1.00000000000000
-177.82203507190570 1311.19733817782253 2.89906103462758 1.00000000000000
-177.95852245122660 1311.23295646579936 2.89968766201076 1.00000000000000
-178.09745455032680 1311.27140165120363 2.89981743668899 1.00000000000000
-178.23400455754017 1311.30695896735415 2.90022710878184 1.00000000000000
-178.37240175367333 1311.34542012261227 2.90021488052510 1.00000000000000
-178.50889253732748 1311.38085908535868 2.90091744971898 1.00000000000000
-178.64742419437971 1311.41945376014337 2.90079961118375 1.00000000000000
-178.78382550162496 1311.45478963339701 2.90146402064287 1.00000000000000
-178.92239455727395 1311.49321099510416 2.90138341160572 1.00000000000000
-179.05901312758215 1311.52852907823399 2.90196377635282 1.00000000000000
-179.19546450005146 1311.56374828796834 2.90236252317015 1.00000000000000
-179.33342923014425 1311.60210428200662 2.90222025905906 1.00000000000000
-179.47164176328806 1311.64053401444107 2.90217883753628 1.00000000000000
-179.60822201851988 1311.67571982694790 2.90282570664894 1.00000000000000
-179.74635744676925 1311.71346245566383 2.90290070558043 1.00000000000000
-179.88307324273046 1311.74860473629087 2.90337555875526 1.00000000000000
-180.02113084797747 1311.78687018714845 2.90337818849091 1.00000000000000
-180.15775273495819 1311.82192536583170 2.90382239453032 1.00000000000000
-180.29573889775202 1311.86016894830391 2.90373278716920 1.00000000000000
-180.43230658699758 1311.89514321321622 2.90426056569544 1.00000000000000
-180.57025662448723 1311.93299951683730 2.90409673997319 1.00000000000000
-180.70690387522336 1311.96794381318614 2.90456825603542 1.00000000000000
-180.84462466783589 1312.00602048216388 2.90438495344590 1.00000000000000
-180.98139003902907 1312.04093352798373 2.90501535003663 1.00000000000000
-181.11906739056576 1312.07837222842500 2.90508739382870 1.00000000000000
-181.25566260213964 1312.11316160578281 2.90563155181985 1.00000000000000
-181.39348519156920 1312.15027717035264 2.90567110064017 1.00000000000000
-181.53022535023047 1312.18499311665073 2.90633468462020 1.00000000000000
-181.66795535921119 1312.22204739414155 2.90640759897972 1.00000000000000
-181.80406298930757 1312.25649501942098 2.90709527855530 1.00000000000000
-181.93983233673498 1312.29081108048558 2.90744461949065 1.00000000000000
-182.07622678886401 1312.32713959645480 2.90743470241884 1.00000000000000
-182.21271390584297 1312.36396521376446 2.90735689024446 1.00000000000000
-182.34829535207245 1312.39814614178613 2.90796563382187 1.00000000000000
-182.48396998294629 1312.43484009848908 2.90802566573603 1.00000000000000
-182.61877599434229 1312.46874145278707 2.90862966749751 1.00000000000000
-182.75376499595586 1312.50452622678131 2.90861107795229 1.00000000000000
-182.88791861507343 1312.53818826703355 2.90909184281105 1.00000000000000
-183.02200768061448 1312.57419789722189 2.90905865634392 1.00000000000000
-183.15573343681172 1312.60766185726970 2.90976400569995 1.00000000000000
-183.28937943506753 1312.64348241873085 2.90990720743633 1.00000000000000
-183.42212179023772 1312.67659379541874 2.91058413569694 1.00000000000000
-183.55490365705919 1312.71220281068236 2.91050762955539 1.00000000000000
-183.68734959547874 1312.74517373414710 2.91100092663610 1.00000000000000
-183.81965242989827 1312.78017409471795 2.91087482656150 1.00000000000000
-183.95106143062003 1312.81281718751416 2.91145395887371 1.00000000000000
-184.08260570687708 1312.84762645279989 2.91129130756207 1.00000000000000
-184.21369317662902 1312.88014550693333 2.91176766583152 1.00000000000000
-184.34419134759810 1312.91244069719687 2.91235844161801 1.00000000000000
-184.47366659413092 1312.94670527335256 2.91233376378253 1.00000000000000
-184.60241507925093 1312.98067787103355 2.91224001176271 1.00000000000000
-184.73110611503944 1313.01248635770753 2.91262410685699 1.00000000000000
-184.85898576478940 1313.04588363599032 2.91250665861033 1.00000000000000
-184.98701967822853 1313.07748597394675 2.91291476736625 1.00000000000000
-185.11485577729763 1313.11062046838924 2.91280258910324 1.00000000000000
-185.24160324432887 1313.14183641830459 2.91342889940185 1.00000000000000
-185.36801202280913 1313.17454808345065 2.91349396382889 1.00000000000000
-185.49412563478108 1313.20554425287992 2.91397403116940 1.00000000000000
-185.61958463245537 1313.23813763586804 2.91350141449115 1.00000000000000
-185.74443044560030 1313.26883862959221 2.91366120942039 1.00000000000000
-185.86839280393906 1313.30062286043540 2.91386460866312 1.00000000000000
-185.99239938636310 1313.33104227064177 2.91440703310974 1.00000000000000
-186.11581763671711 1313.36257742391899 2.91477476882490 1.00000000000000
-186.23946030036313 1313.39278510352597 2.91542748543543 1.00000000000000
-186.36221417156048 1313.42477489029989 2.91541196628037 1.00000000000000
-186.48530872981064 1313.45480703003705 2.91567243886974 1.00000000000000
-186.60751086816890 1313.48641734709963 2.91574926838700 1.00000000000000
-186.72978557180613 1313.51618191925809 2.91618533808884 1.00000000000000
-186.85181374143576 1313.54584491625428 2.91649780980348 1.00000000000000
-186.97182045807131 1313.57676234608516 2.91648688873793 1.00000000000000
-187.09145844145678 1313.60759583907202 2.91669674860088 1.00000000000000
-187.21139619546011 1313.63668537884951 2.91706163609084 1.00000000000000
-187.32982454576995 1313.66748413117602 2.91694824056350 1.00000000000000
-187.44945049018133 1313.69643501238897 2.91752265177225 1.00000000000000
-187.56788317492465 1313.72743640420958 2.91741001980071 1.00000000000000
-187.68685613176785 1313.75618730392307 2.91785881182101 1.00000000000000
-187.80416163342306 1313.78684479463845 2.91768245780208 1.00000000000000
-187.92284766904777 1313.81549203908071 2.91813547838967 1.00000000000000
-188.04027696541743 1313.84577278280631 2.91836338230788 1.00000000000000
-188.15862965025008 1313.87424947088584 2.91893914353725 1.00000000000000
-188.27567521587480 1313.90457377256826 2.91865257723572 1.00000000000000
-188.39348313142546 1313.93289145594463 2.91903190248669 1.00000000000000
-188.50994651851943 1313.96261692792177 2.91886429904472 1.00000000000000
-188.62767318938859 1313.99087161058560 2.91936201359656 1.00000000000000
-188.74405820079846 1314.02070610178635 2.91927518335052 1.00000000000000
-188.86189111933345 1314.04895303398371 2.91968196617685 1.00000000000000
-188.97819742280990 1314.07871543755755 2.91967741466520 1.00000000000000
-189.09593516821042 1314.10688665555790 2.92012756302686 1.00000000000000
-189.21224962046836 1314.13644392928109 2.92013937484363 1.00000000000000
-189.32994167169090 1314.16455915244296 2.92047783326985 1.00000000000000
-189.44622680323664 1314.19446082413197 2.92010450724126 1.00000000000000
-189.56358602829278 1314.22246596356854 2.92064541963884 1.00000000000000
-189.68087969080079 1314.25038194609806 2.92134001832833 1.00000000000000
-189.79637986118905 1314.27983502577990 2.92147125889202 1.00000000000000
-189.91154408268631 1314.30908180447295 2.92132636975380 1.00000000000000
-190.02868204645347 1314.33692525932565 2.92159685301728 1.00000000000000
-190.14453117502853 1314.36615280015394 2.92156539028712 1.00000000000000
-190.26143289182801 1314.39388925069943 2.92200123028001 1.00000000000000
-190.37685141130351 1314.42246104730293 2.92197732134641 1.00000000000000
-190.49387120164465 1314.45015574945137 2.92257989710597 1.00000000000000
-190.60917715687538 1314.47840516129509 2.92312361497802 1.00000000000000
-190.72580406116322 1314.50587588036433 2.92380296079561 1.00000000000000
-190.84086069569457 1314.53422714490443 2.92375951971489 1.00000000000000
-190.95687782415189 1314.56152578443289 2.92386110637990 1.00000000000000
-191.07110615255078 1314.59013066440821 2.92372303388560 1.00000000000000
-191.18666720890906 1314.61726988758892 2.92428429985633 1.00000000000000
-191.30058521305909 1314.64538143388927 2.92451291247904 1.00000000000000
-191.41573347139638 1314.67235485557467 2.92496111342768 1.00000000000000
-191.53068531263852 1314.69922155700624 2.92543384174623 1.00000000000000
-191.64376172120683 1314.72708934778348 2.92548520705447 1.00000000000000
-191.75633200583979 1314.75454639224336 2.92563601120077 1.00000000000000
-191.87030048435554 1314.78111352352425 2.92598194897027 1.00000000000000
-191.98194608022459 1314.80819987645373 2.92601324291563 1.00000000000000
-192.09498959197663 1314.83451732341200 2.92621379865455 1.00000000000000
-192.20592984696850 1314.86178697599098 2.92631527221665 1.00000000000000
-192.31770606309874 1314.88770694518462 2.92714728179898 1.00000000000000
-192.42749096034095 1314.91490584658459 2.92750040588985 1.00000000000000
-192.53890291886637 1314.94065861124545 2.92800614168194 1.00000000000000
-192.64816126716323 1314.96757138986140 2.92792711517155 1.00000000000000
-192.75871629791800 1314.99307589884847 2.92825944339193 1.00000000000000
-192.86709944275208 1315.01951734675094 2.92823921274761 1.00000000000000
-192.97673009231221 1315.04476379975677 2.92866648506411 1.00000000000000
-193.08399365190417 1315.07104030065238 2.92857246882690 1.00000000000000
-193.19293924351223 1315.09610157134011 2.92887837262945 1.00000000000000
-193.29982696496882 1315.12225767970085 2.92914623056845 1.00000000000000
-193.40759994415566 1315.14696152973920 2.92975609428770 1.00000000000000
-193.51289137225831 1315.17302423063666 2.92969915190195 1.00000000000000
-193.61994301382219 1315.19755490170792 2.92975448624728 1.00000000000000
-193.72677840536926 1315.22199748829007 2.93000849784329 1.00000000000000
-193.82918424170930 1315.24733384326100 2.92994657605514 1.00000000000000
-193.93078467622399 1315.27231809217483 2.93012190792529 1.00000000000000
-194.03441371931694 1315.29597143642604 2.93069060826371 1.00000000000000
-194.13664794288343 1315.32086323993281 2.93083631495479 1.00000000000000
-194.24022679659538 1315.34442821657285 2.93139531710981 1.00000000000000
-194.34174568374874 1315.36912321718410 2.93138287290057 1.00000000000000
-194.44549223291688 1315.39270771434531 2.93147688658702 1.00000000000000
-194.54748106928309 1315.41745379520580 2.93115144309734 1.00000000000000
-194.65052754478529 1315.44088900648057 2.93125440814445 1.00000000000000
-194.75100276235025 1315.46559631172568 2.93125193420239 1.00000000000000
-194.85279172344599 1315.48868012707680 2.93200183269595 1.00000000000000
-194.95232128270436 1315.51282201893628 2.93207032033772 1.00000000000000
-195.05330723692896 1315.53568405751139 2.93241512879010 1.00000000000000
-195.15179333719425 1315.55922104604542 2.93250809909795 1.00000000000000
-195.25210998987313 1315.58186786435544 2.93301955904835 1.00000000000000
-195.35004207585007 1315.60571230901405 2.93286681049806 1.00000000000000
-195.44958736607805 1315.62816021125764 2.93320585431676 1.00000000000000
-195.64555360196391 1315.67401621304452 2.93342478107296 1.00000000000000
-195.83935709274374 1315.71922262478620 2.93421088786525 1.00000000000000
-196.03129267675104 1315.76342336647213 2.93497201463645 1.00000000000000
-196.22165090072667 1315.80760690290481 2.93453495718064 1.00000000000000
-196.41017872141674 1315.85163182439283 2.93501699864988 1.00000000000000
-196.59614810254425 1315.89465312426910 2.93569531209309 1.00000000000000
-196.77851385192480 1315.93686526548117 2.93581795577394 1.00000000000000
-196.95732259110082 1315.97824633959681 2.93619752772195 1.00000000000000
-197.13174299569800 1316.01812978647649 2.93692620658408 1.00000000000000
-197.29978628788376 1316.05698626535013 2.93644061999313 1.00000000000000
-197.46117261314066 1316.09412465849891 2.93676930738455 1.00000000000000
-197.61678123613819 1316.13000584160909 2.93774896466679 1.00000000000000
-197.76776824472472 1316.16466316813603 2.93794798697028 1.00000000000000
-197.91507342923433 1316.19794638967142 2.93829616001696 1.00000000000000
-198.05830335267819 1316.23082364397123 2.93858073333335 1.00000000000000
-198.19688585074618 1316.26267227390781 2.93873250284829 1.00000000000000
-198.32841908588307 1316.29318859195337 2.93860797171984 1.00000000000000
-198.45164580945857 1316.32145685516298 2.93911550906128 1.00000000000000
-198.56797967990860 1316.34820668073371 2.94020800148639 1.00000000000000
-198.67836073564831 1316.37369602220133 2.94023964721774 1.00000000000000
-198.78557939210441 1316.39817668078467 2.94041094389910 1.00000000000000
-198.89019978384022 1316.42206130456179 2.94045888509095 1.00000000000000
-198.99248358857585 1316.44540567044169 2.94069619370457 1.00000000000000
-199.09290046978276 1316.46804563608021 2.94114669815793 1.00000000000000
-199.19135818385985 1316.49015702540055 2.94137025289365 1.00000000000000
-199.33384371292777 1316.52267231326550 2.94153911854799 1.00000000000000
-199.47507461835630 1316.55398288182914 2.94182082230471 1.00000000000000
-199.60857702454086 1316.58442504564300 2.94247956382553 1.00000000000000
-199.73995756736258 1316.61327952845022 2.94286993176303 1.00000000000000
-199.86315337824635 1316.64140265807509 2.94374415597134 1.00000000000000
-199.98625795519911 1316.66866620443761 2.94524874982444 1.00000000000000
-200.10703248844948 1316.69597663218156 2.94811454399240 1.00000000000000
-200.22800885530887 1316.72195540508255 2.95072909789877 1.00000000000000
-200.33892482111696 1316.74607215868309 2.95509579704391 1.00000000000000
-200.45003370498307 1316.76907077478245 2.96016559774369 1.00000000000000
-200.55913482629694 1316.79093426419422 2.96705599429376 1.00000000000000
-200.66467278660275 1316.81122410763055 2.97464643332818 1.00000000000000
-200.76990229962394 1316.83010986167938 2.98391374227378 1.00000000000000
-200.87800146557856 1316.84807028807700 2.99411687714297 1.00000000000000
-200.98347185703460 1316.86398577131331 3.00504581212807 1.00000000000000
-201.09058648091741 1316.87896449165419 3.01689448541311 1.00000000000000
-201.19387423328590 1316.89116458874196 3.02862640125534 1.00000000000000
-201.29996679036412 1316.90303056035191 3.04085879202517 1.00000000000000
-201.40398846782045 1316.91184904007241 3.05413591767070 1.00000000000000
-201.50935230066534 1316.92041303263977 3.06640662521974 1.00000000000000
-201.61233808408724 1316.92575051402673 3.08018642470975 1.00000000000000
-201.71665155724622 1316.93083362607285 3.09414180536399 1.00000000000000
-201.81960465863813 1316.93173366738483 3.10960730836648 1.00000000000000
-201.92552953935228 1316.93343003839254 3.12409064407789 1.00000000000000
-202.02951198106166 1316.93068783544004 3.14012973972808 1.00000000000000
-202.13582816475537 1316.92788395890966 -3.12668843280444 1.00000000000000
-202.24121046531945 1316.91959595959634 -3.10953222866274 1.00000000000000
-202.34903964726254 1316.91281480388716 -3.09287052769250 1.00000000000000
-202.45507852965966 1316.89967749640346 -3.07446272964101 1.00000000000000
-202.56146277347580 1316.88875962141901 -3.05752899137195 1.00000000000000
-202.66570607171161 1316.87213884014636 -3.04010044715971 1.00000000000000
-202.77170441066846 1316.85768717853352 -3.02278929746411 1.00000000000000
-202.87570506974589 1316.83906111773103 -3.00656869448922 1.00000000000000
-202.98111512511969 1316.82205190137029 -2.99068053230524 1.00000000000000
-203.08452811907046 1316.79972825851291 -2.97412881217987 1.00000000000000
-203.18780645780498 1316.77913414873183 -2.95809477852445 1.00000000000000
-203.28752267593518 1316.75396679108962 -2.94168665371464 1.00000000000000
-203.38886976160575 1316.73065561335534 -2.92567353890028 1.00000000000000
-203.48794618656393 1316.70255863945931 -2.90813827259379 1.00000000000000
-203.59012944437563 1316.67529208539054 -2.89080079725102 1.00000000000000
-203.69145159155596 1316.64275580411777 -2.87295313721700 1.00000000000000
-203.79408399254316 1316.61184716317803 -2.85608988775970 1.00000000000000
-203.89440724661108 1316.57609595777467 -2.83757224783164 1.00000000000000
-203.99492205842398 1316.54164816578850 -2.82026262835652 1.00000000000000
-204.09389653801918 1316.50264015188441 -2.80205818992864 1.00000000000000
-204.19451608869713 1316.46446970384568 -2.78451736467805 1.00000000000000
-204.29364866705146 1316.42119569564238 -2.76638346489782 1.00000000000000
-204.39261341700330 1316.37957341689616 -2.74919447552434 1.00000000000000
-204.48893547203625 1316.33364596916363 -2.73105493223154 1.00000000000000
-204.58626133960206 1316.28880438860506 -2.71297135257085 1.00000000000000
-204.68093788356055 1316.23996860347688 -2.69409799323143 1.00000000000000
-204.77654264331795 1316.19174638437107 -2.67534239849577 1.00000000000000
-204.86940388864605 1316.13939621206373 -2.65592043345727 1.00000000000000
-204.96325090830214 1316.08749179542065 -2.63695033578141 1.00000000000000
-205.05398390919436 1316.03187019890174 -2.61760230296289 1.00000000000000
-205.14556166180409 1315.97673974651843 -2.59901018856402 1.00000000000000
-205.23227637563832 1315.91932293958962 -2.57979837213411 1.00000000000000
-205.31917830882594 1315.86271319491789 -2.56087792061447 1.00000000000000
-205.40185508586001 1315.80323927989230 -2.54168588374355 1.00000000000000
-205.48553676129086 1315.74383412580937 -2.52281092345700 1.00000000000000
-205.56805240444373 1315.68297591293231 -2.50388695489473 1.00000000000000
-205.64601116860285 1315.62005934678018 -2.48488569787937 1.00000000000000
-205.74802777916193 1315.53579223109409 -2.45915232166807 1.00000000000000
-205.84593782830052 1315.45082374522462 -2.43306776812805 1.00000000000000
-205.94029923726339 1315.36447674594820 -2.40695391961211 1.00000000000000
-206.03206251782831 1315.27556758280843 -2.38060952944711 1.00000000000000
-206.12024214165285 1315.18522682925686 -2.35435624580900 1.00000000000000
-206.20500334748067 1315.09358034422621 -2.32768672373756 1.00000000000000
-206.28667147550732 1315.00056858826429 -2.30138304169337 1.00000000000000
-206.36478807439562 1314.90654521808028 -2.27483679963600 1.00000000000000
-206.44041115354048 1314.81071916315705 -2.24836214577025 1.00000000000000
-206.51232935395092 1314.71432522451505 -2.22277403800533 1.00000000000000
-206.57996528048534 1314.61798232374713 -2.19698009994768 1.00000000000000
-206.64187225495698 1314.51916036335751 -2.16854193002231 1.00000000000000
-206.70085429877508 1314.41924085747451 -2.14087120691374 1.00000000000000
-206.75618803384714 1314.31950349127874 -2.11322420294931 1.00000000000000
-206.80776790610980 1314.22023287881166 -2.08582131549700 1.00000000000000
-206.85622506873915 1314.12139215506613 -2.05976369269456 1.00000000000000
-206.90229817782529 1314.02195251872763 -2.03491581579961 1.00000000000000
-206.94542760646436 1313.92312043206766 -2.01128133367357 1.00000000000000
-206.98641604318982 1313.82345385523513 -1.98857672209083 1.00000000000000
-207.02515646466054 1313.72448642551899 -1.96690947016917 1.00000000000000
-207.06183752696961 1313.62549008056521 -1.94572638008580 1.00000000000000
-207.09712538961321 1313.52608653623611 -1.92648780976651 1.00000000000000
-207.13073992193677 1313.42757511558011 -1.90765705438187 1.00000000000000
-207.16256380942650 1313.32909660274163 -1.88927281738497 1.00000000000000
-207.19273311475990 1313.23159808106720 -1.87174531488520 1.00000000000000
-207.22141442215070 1313.13437073910609 -1.85445735521599 1.00000000000000
-207.25474522728473 1313.01471516257152 -1.83366827582152 1.00000000000000
-207.28738032368710 1312.89453588845208 -1.81520604993294 1.00000000000000
-207.31799261533888 1312.77716253651306 -1.79744417495534 1.00000000000000
-207.34727493009996 1312.65887861372903 -1.78012706203082 1.00000000000000
-207.37537081987830 1312.54150842642412 -1.76307627667758 1.00000000000000
-207.40196624840610 1312.42109019309282 -1.74648689544938 1.00000000000000
-207.42834684194531 1312.30170225026086 -1.73064852296558 1.00000000000000
-207.45187334576622 1312.18099257256836 -1.71444079111968 1.00000000000000
-207.47544669522904 1312.06167364493012 -1.69976554393016 1.00000000000000
-207.49641121632885 1311.93863126449287 -1.68487435539287 1.00000000000000
-207.51773672865238 1311.81691842433065 -1.67077422170534 1.00000000000000
-207.53374703286681 1311.71788809914142 -1.65999445955121 1.00000000000000
-207.54861499939580 1311.61759702209383 -1.64900328926665 1.00000000000000
-207.56267611437943 1311.51693608751521 -1.63893535789872 1.00000000000000
-207.57629351329524 1311.41616924339905 -1.63019991089468 1.00000000000000
-207.58962301502470 1311.31357426149771 -1.62298468396423 1.00000000000000
-207.60252360417508 1311.21058528544381 -1.61778063888812 1.00000000000000
-207.61920493229991 1311.10605380544439 -1.61816309384985 1.00000000000000
-207.63595146336593 1311.00045721372589 -1.61903918013422 1.00000000000000
-207.65286746097263 1310.89355635363609 -1.62144364640210 1.00000000000000
-207.66984788246918 1310.78459201473743 -1.62446845846858 1.00000000000000
-207.68717785610352 1310.67448487645015 -1.62661718225999 1.00000000000000
-207.70511342736427 1310.56228498043492 -1.62943070443445 1.00000000000000
-207.72360128251603 1310.44696073140949 -1.63235401881221 1.00000000000000
-207.74254372320138 1310.33138403994963 -1.63555463359044 1.00000000000000
-207.76192221697420 1310.21389726409689 -1.63883749262432 1.00000000000000
-207.78198972356040 1310.09635721612722 -1.64367973230154 1.00000000000000
-207.80243278376292 1309.97860841080546 -1.64840134739514 1.00000000000000
-207.82367424492259 1309.86098162410781 -1.65470094401808 1.00000000000000
-207.84546914894599 1309.74406727915630 -1.66056508192847 1.00000000000000
-207.86666008969769 1309.63708178931847 -1.66592018325538 1.00000000000000
-207.88801784673706 1309.52961341058835 -1.67157794257135 1.00000000000000
-207.90962678159121 1309.42446377128363 -1.67604884822941 1.00000000000000
-207.93086498347111 1309.32352175097913 -1.68051862779838 1.00000000000000
-207.95450972020626 1309.20264582755044 -1.68423586827922 1.00000000000000
-207.98103442171123 1309.08858438627794 -1.68951973173800 1.00000000000000
-208.00279647239950 1308.98165227752179 -1.69264891905128 1.00000000000000
-208.02690231695306 1308.88167402707040 -1.69741150681343 1.00000000000000
-208.05204352032160 1308.77180862473324 -1.70157289720889 1.00000000000000
-208.07524621929042 1308.67211666842923 -1.70513097452213 1.00000000000000
-208.09784743608907 1308.57179771829396 -1.70793511501425 1.00000000000000
-208.12475972413085 1308.46726549090818 -1.71230655344148 1.00000000000000
-208.14819546230137 1308.36910899542272 -1.71548748134965 1.00000000000000
-208.17261126951780 1308.26417994033545 -1.71877779974368 1.00000000000000
-208.19556716317311 1308.15463076997548 -1.72053373087406 1.00000000000000
-208.21959243563469 1308.04815113963559 -1.72356097366229 1.00000000000000
-208.24466854700586 1307.94062291923910 -1.72672318811803 1.00000000000000
-208.23087874753401 1308.04569275956601 -1.72850900009049 1.00000000000000
-208.21415165369399 1308.15344247454777 -1.72958483722801 1.00000000000000
-208.19630137324566 1308.26258707931265 -1.73039448449123 1.00000000000000
-208.17907424445730 1308.36425405135378 -1.73041197586353 1.00000000000000
-208.15956925041974 1308.47713937237859 -1.73078392967527 1.00000000000000
-208.13836598198395 1308.59843233134598 -1.73081810138625 1.00000000000000
-208.11605418846011 1308.72518016956747 -1.73083423010701 1.00000000000000
-208.09271014732076 1308.85598867945373 -1.73087681321746 1.00000000000000
-208.07475200702902 1308.95663071423769 -1.73141188401467 1.00000000000000
-208.05656356690452 1309.05659161601216 -1.73172238345426 1.00000000000000
-208.03833338967524 1309.15732926735654 -1.73221159797428 1.00000000000000
-208.01947871095035 1309.25752048473805 -1.73271243096631 1.00000000000000
-208.00106379890349 1309.35699760122225 -1.73299617187404 1.00000000000000
-207.97639867349062 1309.48732218891382 -1.73406751196250 1.00000000000000
-207.95171648816904 1309.61539307143539 -1.73448371238725 1.00000000000000
-207.92731886962429 1309.74185858760029 -1.73538551684898 1.00000000000000
-207.90307956596371 1309.86588123533875 -1.73594453942355 1.00000000000000
-207.87960900040343 1309.98636135179549 -1.73650599140557 1.00000000000000
-207.85576373816002 1310.10622109565884 -1.73727504504344 1.00000000000000
-207.83213719131891 1310.22465227684006 -1.73788373812783 1.00000000000000
-207.80880230979528 1310.34109805151820 -1.73853210094941 1.00000000000000
-207.78548964217771 1310.45656618708745 -1.73929085627665 1.00000000000000
-207.76242874504533 1310.57045531040058 -1.73954062566196 1.00000000000000
-207.73948211397510 1310.68270384334028 -1.74072733216729 1.00000000000000
-207.71754068380687 1310.79103290429339 -1.74090007795488 1.00000000000000
-207.69614384882152 1310.89646137366071 -1.74129951834553 1.00000000000000
-207.67570215277374 1310.99690075824037 -1.74174969767044 1.00000000000000
-207.65106674202252 1311.11568589787930 -1.74237652977703 1.00000000000000
-207.62843847495969 1311.22712314734235 -1.74206006052771 1.00000000000000
-207.60697038157377 1311.32841070787981 -1.74271719010063 1.00000000000000
-207.58278292801697 1311.44263604236767 -1.74303311273882 1.00000000000000
-207.55954635830130 1311.55174155905843 -1.74340475478313 1.00000000000000
-207.53759821539279 1311.65393480472267 -1.74383454531565 1.00000000000000
-207.51364861888578 1311.76504678605124 -1.74406855817480 1.00000000000000
-207.49081317376113 1311.87122330674902 -1.74493109171151 1.00000000000000
-207.46893143409397 1311.97601270303130 -1.74507158780099 1.00000000000000
-207.44609214691445 1312.08351475140080 -1.74588008496484 1.00000000000000
-207.42355754412711 1312.19149426510558 -1.74618750714410 1.00000000000000
-207.40192882216070 1312.29838753445074 -1.74601626798406 1.00000000000000
-207.37678971607238 1312.41966170025989 -1.74658520109107 1.00000000000000
-207.35439925245009 1312.52880039438605 -1.74687087231056 1.00000000000000
-207.33036959217861 1312.64608926884830 -1.74710301434675 1.00000000000000
-207.30491358763538 1312.76954026659951 -1.74733454907888 1.00000000000000
-207.27822739130352 1312.89805645402521 -1.74799168249550 1.00000000000000
-207.25119951443048 1313.02868200652301 -1.74841705155418 1.00000000000000
-207.23095215042122 1313.12867351761088 -1.74818760807326 1.00000000000000
-207.20913352014031 1313.22977767232805 -1.74915458338958 1.00000000000000
-207.18819407792762 1313.33093236619607 -1.74916092693557 1.00000000000000
-207.16671028564451 1313.43049764540046 -1.74990396960920 1.00000000000000
-207.14642629853915 1313.52870178408921 -1.74996520026983 1.00000000000000
-207.11915251275059 1313.65651316056028 -1.75075341668347 1.00000000000000
-207.09260142222047 1313.78040847647935 -1.75113779334485 1.00000000000000
-207.06658823933685 1313.90333368629217 -1.75171022548015 1.00000000000000
-207.04034123034216 1314.02590648783371 -1.75230857378014 1.00000000000000
-207.01357145636575 1314.15189336473122 -1.75238475415853 1.00000000000000
-206.98623396188486 1314.28078628191724 -1.75277204682855 1.00000000000000
-206.96443392778747 1314.37998119415715 -1.75343284428811 1.00000000000000
-206.94316374731716 1314.48137265024707 -1.75349684673531 1.00000000000000
-206.92063911823789 1314.58516555139795 -1.75369516203907 1.00000000000000
-206.89842368784593 1314.69122497132048 -1.75347284860366 1.00000000000000
-206.87435101100709 1314.80017527984455 -1.75430131466731 1.00000000000000
-206.85094505816232 1314.91188567597419 -1.75426342895618 1.00000000000000
-206.82551231794059 1315.02691756561399 -1.75498918125553 1.00000000000000
-206.80061872844817 1315.14463429711759 -1.75558816669871 1.00000000000000
-206.77415314683458 1315.26486796466634 -1.75637470493177 1.00000000000000
-206.74818119849078 1315.38835949311033 -1.75665376812127 1.00000000000000
-206.72047446866054 1315.51453992910683 -1.75748230865069 1.00000000000000
-206.69322710880078 1315.64256336120889 -1.75721004595611 1.00000000000000
-206.66465208015870 1315.77320134406909 -1.75772869889724 1.00000000000000
-206.63673103123438 1315.90396299026906 -1.75791620229375 1.00000000000000
-206.60748476441950 1316.03543275035918 -1.75852103268562 1.00000000000000
-206.57980735058663 1316.16488542733714 -1.75817591135653 1.00000000000000
-206.55119115085108 1316.29401776706800 -1.75879051288996 1.00000000000000
-206.52395879890537 1316.41997190192342 -1.75886813815607 1.00000000000000
-206.49574811290950 1316.54329267982394 -1.76007486930452 1.00000000000000
-206.46997787954751 1316.66332980245352 -1.76037256783947 1.00000000000000
-206.44337702949997 1316.78139633592218 -1.76120800200438 1.00000000000000
-206.41878810257185 1316.89547799387947 -1.76101336831169 1.00000000000000
-206.39398856286425 1317.00740949017927 -1.76143470905990 1.00000000000000
-206.37028818699764 1317.11734976293519 -1.76144562117514 1.00000000000000
-206.34634966141311 1317.22522687586024 -1.76170274692400 1.00000000000000
-206.32372632430634 1317.33022346301004 -1.76142464499512 1.00000000000000
-206.30112438020296 1317.43291886756197 -1.76187904846669 1.00000000000000
-206.27964726224309 1317.53325861180201 -1.76179503467126 1.00000000000000
-206.25133131351322 1317.66245957789943 -1.76201877763248 1.00000000000000
-206.22363306628540 1317.78907390544191 -1.76183111046760 1.00000000000000
-206.19630703306757 1317.91330174030736 -1.76208896173063 1.00000000000000
-206.16955934732687 1318.03488072799519 -1.76246796967863 1.00000000000000
-206.14288250129903 1318.15434498386458 -1.76323869582245 1.00000000000000
-206.11686042154906 1318.27124542277306 -1.76441977748805 1.00000000000000
-206.09022718970664 1318.39063145872205 -1.76504986597114 1.00000000000000
-206.06351232377347 1318.51082950690761 -1.76639908280995 1.00000000000000
-206.03608684777282 1318.63263868028298 -1.76734090755955 1.00000000000000
-206.00836590840481 1318.75720782903954 -1.76832340184700 1.00000000000000
-205.98001497238874 1318.88400369184092 -1.76883415967999 1.00000000000000
-205.95108991174493 1319.01282315095887 -1.77013036848897 1.00000000000000
-205.92854931461625 1319.11156397312880 -1.77094030824630 1.00000000000000
-205.90631555457367 1319.21120716165751 -1.77145473154328 1.00000000000000
-205.88274046056904 1319.31221845047548 -1.77290823281262 1.00000000000000
-205.85927698039450 1319.41486672637984 -1.77392340102597 1.00000000000000
-205.83443471940700 1319.51979392394423 -1.77589846691550 1.00000000000000
-205.81003733805846 1319.62509486591443 -1.77738028479272 1.00000000000000
-205.78479410032742 1319.73170718317851 -1.77864459169395 1.00000000000000
-205.75919297861401 1319.84114504046738 -1.78081514019113 1.00000000000000
-205.73237764753867 1319.95208086958155 -1.78250621251622 1.00000000000000
-205.70574453240260 1320.06459052348509 -1.78511170870314 1.00000000000000
-205.67792437406024 1320.17865832149982 -1.78688803632258 1.00000000000000
-205.65053917851765 1320.29278391692787 -1.78925632339342 1.00000000000000
-205.62248675280716 1320.40737202251330 -1.79063380032684 1.00000000000000
-205.59526078670751 1320.51952743809670 -1.79194804302324 1.00000000000000
-205.56739887280855 1320.63085478963330 -1.79375916510829 1.00000000000000
-205.54055506119039 1320.73992569232360 -1.79460513646872 1.00000000000000
-205.51366658241022 1320.84705684054643 -1.79679970365296 1.00000000000000
-205.48742281587329 1320.95143414568156 -1.79792313740978 1.00000000000000
-205.46109975106083 1321.05482895951718 -1.79989382212516 1.00000000000000
-205.43537831248250 1321.15656851325184 -1.80139941813161 1.00000000000000
-205.40920585126150 1321.25821103854105 -1.80326169453084 1.00000000000000
-205.38332025334239 1321.35857517272234 -1.80504608884124 1.00000000000000
-205.35699874826241 1321.46112618735060 -1.80713006602286 1.00000000000000
-205.32978840696160 1321.56517958361655 -1.80911452302991 1.00000000000000
-205.30172275396762 1321.67050649132580 -1.81125790726562 1.00000000000000
-205.27294134022668 1321.77932132361457 -1.81324770718188 1.00000000000000
-205.24334577220725 1321.88964672107249 -1.81536618180735 1.00000000000000
-205.21305755083449 1322.00238231290132 -1.81726860329455 1.00000000000000
-205.18179344222881 1322.11640062928200 -1.81979331097730 1.00000000000000
-205.15001606906299 1322.23286263458431 -1.82161782576748 1.00000000000000
-205.11743507278152 1322.35203677276149 -1.82391445942182 1.00000000000000
-205.08415578946006 1322.47248429153115 -1.82615711748850 1.00000000000000
-205.04956737486646 1322.59536729473621 -1.82956777860975 1.00000000000000
-205.01382893358823 1322.72130391234532 -1.83238538231325 1.00000000000000
-204.97681939543691 1322.84983972413465 -1.83538575469844 1.00000000000000
-204.93918239901541 1322.97993465885520 -1.83792525281797 1.00000000000000
-204.90016028180253 1323.11260335985571 -1.84089451153642 1.00000000000000
-204.86040148523171 1323.24685628479347 -1.84369759939013 1.00000000000000
-204.81921950849937 1323.38365614507347 -1.84698520869462 1.00000000000000
-204.77727966493694 1323.52198807802051 -1.85001216247691 1.00000000000000
-204.73382279695943 1323.66269909683615 -1.85343158941932 1.00000000000000
-204.69014051021077 1323.80357940867543 -1.85641267659162 1.00000000000000
-204.64528633462032 1323.94586623692885 -1.85936371743733 1.00000000000000
-204.61483693274204 1324.04151090560481 -1.86167953468283 1.00000000000000
-204.58393604628509 1324.13753869989887 -1.86392915920888 1.00000000000000
-204.55252888170071 1324.23369056871161 -1.86646712278768 1.00000000000000
-204.52025922038592 1324.33067166199908 -1.86918431186995 1.00000000000000
-204.48775060917251 1324.42754617286846 -1.87222718653026 1.00000000000000
-204.45498691836838 1324.52517214603722 -1.87492575228215 1.00000000000000
-204.42173470568378 1324.62365079484880 -1.87682262858783 1.00000000000000
-204.38833087770035 1324.72220603981987 -1.87969485349210 1.00000000000000
-204.35468196199508 1324.82072124630213 -1.88235381613214 1.00000000000000
-204.32031403598376 1324.91988138528541 -1.88442433355055 1.00000000000000
-204.28571963426657 1325.01910849614069 -1.88700527310082 1.00000000000000
-204.25078010861762 1325.11835724441335 -1.88973580813918 1.00000000000000
-204.21567105315626 1325.21747017884627 -1.89180421909009 1.00000000000000
-204.18041999253910 1325.31652700761333 -1.89404476177249 1.00000000000000
-204.14517763658660 1325.41450899187475 -1.89678930776785 1.00000000000000
-204.10991182277212 1325.51148606976494 -1.89916727859089 1.00000000000000
-204.07488262560219 1325.60743337916210 -1.90121257928508 1.00000000000000
-204.03977005952038 1325.70307211996987 -1.90372294954819 1.00000000000000
-204.00463541108184 1325.79780172836035 -1.90617483299605 1.00000000000000
-203.95271968981251 1325.93792765308172 -1.90941455439348 1.00000000000000
-203.89981329988223 1326.07589504774660 -1.91341289909639 1.00000000000000
-203.84748470876366 1326.21306416811422 -1.91643857821936 1.00000000000000
-203.79434705839958 1326.34990419261158 -1.91990039548180 1.00000000000000
