2035.93402637867257 1098.52159379143268 1.85528657213652 1.00000000000000
2035.96300887310645 1098.42118134722114 1.85592958491258 1.00000000000000
2035.99081400537398 1098.32353908661753 1.85572046294068 1.00000000000000
2036.02181114122504 1098.21296918718144 1.85561556346346 1.00000000000000
2036.05055061553139 1098.10943307727575 1.85632449680695 1.00000000000000
2036.08199826173950 1097.99659455521032 1.85624877106536 1.00000000000000
2036.11622291145613 1097.87319458043203 1.85625734448114 1.00000000000000
2036.14445162517950 1097.77106765564531 1.85590184584882 1.00000000000000
2036.17276901914738 1097.66871721856296 1.85601702095962 1.00000000000000
2036.20338290603831 1097.55668272078037 1.85586624677230 1.00000000000000
2036.23467452346813 1097.44299267278984 1.85548656382940 1.00000000000000
2036.26756310084602 1097.32130199391395 1.85463706413092 1.00000000000000
2036.29977338854223 1097.20325653254986 1.85430940924340 1.00000000000000
2036.33311000536196 1097.07741693593562 1.85342819183339 1.00000000000000
2036.36631280020811 1096.95457374583930 1.85292714556178 1.00000000000000
2036.39944467507303 1096.82726337900385 1.85201310007391 1.00000000000000
2036.43222285842057 1096.70448880037293 1.85126156876471 1.00000000000000
2036.46471228217706 1096.57748558372259 1.85026711932037 1.00000000000000
2036.49694567651022 1096.45483705494553 1.84961562216068 1.00000000000000
2036.52912310883403 1096.32816145569086 1.84841924098511 1.00000000000000
2036.56127102527535 1096.20588958496228 1.84797766901541 1.00000000000000
2036.59297499980312 1096.07973600924015 1.84704922798142 1.00000000000000
2036.62462017161306 1095.95762940030545 1.84674636015020 1.00000000000000
2036.65564736031229 1095.83198386011645 1.84519016686033 1.00000000000000
2036.68678741832264 1095.71002165740356 1.84478446339173 1.00000000000000
2036.71801883389708 1095.58408032217994 1.84372947474797 1.00000000000000
2036.75004138145596 1095.45961562311277 1.84386439674842 1.00000000000000
2036.78162217698991 1095.33100123703480 1.84269743726034 1.00000000000000
2036.81363714148756 1095.20511124236509 1.84268271911459 1.00000000000000
2036.84489695588127 1095.07543154153973 1.84131352061108 1.00000000000000
2036.87709938781336 1094.94815097376704 1.84103317956550 1.00000000000000
2036.90901433059480 1094.81802471634001 1.84040513304755 1.00000000000000
2036.94132666883525 1094.69097926747054 1.83994615817093 1.00000000000000
2036.97324717696756 1094.56125357560813 1.83954425150136 1.00000000000000
2037.00511530030053 1094.43409632518888 1.83875292051527 1.00000000000000
2037.03669164155144 1094.30374136799946 1.83815990644293 1.00000000000000
2037.06922995240893 1094.17548073315993 1.83789130353726 1.00000000000000
2037.10124533332419 1094.04504532786086 1.83744820935934 1.00000000000000
2037.13386249274481 1093.91551224840805 1.83731579198470 1.00000000000000
2037.16560966090765 1093.78482967475429 1.83676527552889 1.00000000000000
2037.19763494405197 1093.65678672771901 1.83659995895814 1.00000000000000
2037.22907307755668 1093.52693203277886 1.83567328959734 1.00000000000000
2037.26096214714926 1093.39945478318259 1.83520579341285 1.00000000000000
2037.29201235820074 1093.27116987016052 1.83481718453879 1.00000000000000
2037.32359254790936 1093.14471551449969 1.83447584316579 1.00000000000000
2037.35504144104198 1093.01559195294976 1.83433229369535 1.00000000000000
2037.38695520686451 1092.88771546399221 1.83386976835361 1.00000000000000
2037.41841011203360 1092.75801105657592 1.83315114563255 1.00000000000000
2037.45050521043595 1092.62875884491950 1.83279155606335 1.00000000000000
2037.48256579111330 1092.49670008430257 1.83243025190514 1.00000000000000
2037.51501558016753 1092.36598161235452 1.83253831681402 1.00000000000000
2037.54695306770736 1092.23325570439920 1.83179380148971 1.00000000000000
2037.57925303460797 1092.10235216654837 1.83169084476937 1.00000000000000
2037.61080889182631 1091.96864858083427 1.83063189018647 1.00000000000000
2037.64284720551223 1091.83727319305763 1.83055810340376 1.00000000000000
2037.67477259587031 1091.70343061257154 1.83044966404037 1.00000000000000
2037.70750248897821 1091.56976646091789 1.83038444503881 1.00000000000000
2037.73956824070774 1091.43338618986309 1.82986079499431 1.00000000000000
2037.77243403089233 1091.29825734673068 1.82945002692822 1.00000000000000
2037.80476749752415 1091.16182731557637 1.82904647237690 1.00000000000000
2037.83781884599011 1091.02649754332379 1.82839312634855 1.00000000000000
2037.87066787393996 1090.88779506739229 1.82835305688436 1.00000000000000
2037.90449907688890 1090.74867345159873 1.82760487935172 1.00000000000000
2037.93692819355056 1090.60799265885726 1.82706191354029 1.00000000000000
2037.96996003668755 1090.46864976966754 1.82628752106146 1.00000000000000
2038.00195186055498 1090.32795242965221 1.82565341796544 1.00000000000000
2038.03519784804666 1090.18709899159148 1.82484499392530 1.00000000000000
2038.06765903905034 1090.04511140659451 1.82429439103865 1.00000000000000
2038.10064928862266 1089.90434685070068 1.82384744973677 1.00000000000000
2038.13227216957603 1089.76217120885849 1.82311831636768 1.00000000000000
2038.16493023105431 1089.62194204330444 1.82213823556830 1.00000000000000
2038.19647218543105 1089.48127243621275 1.82157047271365 1.00000000000000
2038.22931107121985 1089.34065027348697 1.82067483934612 1.00000000000000
2038.26090711535653 1089.19841192429885 1.82023301951825 1.00000000000000
2038.29333682369906 1089.05834461050108 1.81928307445255 1.00000000000000
2038.32467655581422 1088.91796958772466 1.81842549559289 1.00000000000000
2038.35659733886132 1088.77879350632429 1.81770973298750 1.00000000000000
2038.38779675541446 1088.63864544266835 1.81731494527067 1.00000000000000
2038.41974848974496 1088.50003877282143 1.81724638151173 1.00000000000000
2038.45037633366883 1088.36169433314353 1.81626829694528 1.00000000000000
2038.48210969869979 1088.22471721377224 1.81634024378731 1.00000000000000
2038.51250009262003 1088.08783996524289 1.81487948884084 1.00000000000000
2038.54349527176237 1087.95199536578730 1.81517551958472 1.00000000000000
2038.57363591506146 1087.81610373547301 1.81478126137530 1.00000000000000
2038.60416869982146 1087.68216939270496 1.81433698940933 1.00000000000000
2038.63357662188355 1087.54866712680086 1.81384075830122 1.00000000000000
2038.66379153972957 1087.41605092817917 1.81336373885534 1.00000000000000
2038.69300714239944 1087.28407161403447 1.81353434491910 1.00000000000000
2038.72271950833965 1087.15276308078319 1.81302947036501 1.00000000000000
2038.75146835506894 1087.02169297402725 1.81199701016621 1.00000000000000
2038.78078714164440 1086.89153974456713 1.81166682451783 1.00000000000000
2038.80941061407793 1086.76129298703745 1.81152157248724 1.00000000000000
2038.83906339877285 1086.63139339443296 1.81154536997873 1.00000000000000
2038.86772613774519 1086.50092382077128 1.81085465684312 1.00000000000000
2038.89658471272560 1086.37221511127427 1.81085476478049 1.00000000000000
2038.92436228547012 1086.24295615032315 1.81001011329129 1.00000000000000
2038.95288204995450 1086.11431626556441 1.81007166696608 1.00000000000000
2038.98068957740907 1085.98485753405839 1.80939740975410 1.00000000000000
2039.00940718629863 1085.85626701079309 1.80916635789034 1.00000000000000
2039.03755469853058 1085.72613103222102 1.80847924215522 1.00000000000000
2039.06659803050570 1085.59584185620770 1.80865530253306 1.00000000000000
2039.09470451227389 1085.46505922731012 1.80795734781905 1.00000000000000
2039.12365430709906 1085.33453247137368 1.80770018028115 1.00000000000000
2039.15207399614155 1085.20122651988640 1.80707323059263 1.00000000000000
2039.18108710012166 1085.06792629696429 1.80661519190805 1.00000000000000
2039.20922241435619 1084.93402971699834 1.80597340664507 1.00000000000000
2039.23858928738628 1084.79945144942030 1.80578363145604 1.00000000000000
2039.26631612132769 1084.66411935677752 1.80451576426725 1.00000000000000
2039.29571337788366 1084.52767940890044 1.80442176623773 1.00000000000000
2039.32486732455436 1084.38874257681891 1.80334141110997 1.00000000000000
2039.35535216948483 1084.24782027862966 1.80270804769042 1.00000000000000
2039.38532334135380 1084.10456843767315 1.80225195494570 1.00000000000000
2039.41666039143456 1083.95896250056103 1.80160936971600 1.00000000000000
2039.43761230388191 1083.85974595788866 1.80150215633154 1.00000000000000
2039.45885196782183 1083.75968417897820 1.80147296766665 1.00000000000000
2039.48028538742801 1083.65843396680430 1.80106838132519 1.00000000000000
2039.50168399768881 1083.55651201168075 1.80079102623789 1.00000000000000
2039.52342893939931 1083.45341376727447 1.80069709172470 1.00000000000000
2039.54509595723357 1083.34941150713712 1.80039059477111 1.00000000000000
2039.56677868607221 1083.24477219674736 1.79982553073302 1.00000000000000
2039.58829818351660 1083.13958556344733 1.79946800039561 1.00000000000000
2039.61007093475200 1083.03338835481554 1.79908591707801 1.00000000000000
2039.63201973284595 1082.92664276435971 1.79877319058196 1.00000000000000
2039.65382550924551 1082.81922831991687 1.79832906014847 1.00000000000000
2039.67583959165495 1082.71118939109147 1.79777960734869 1.00000000000000
2039.69793561223196 1082.60196525976062 1.79753334089130 1.00000000000000
2039.72007574973395 1082.49213563231751 1.79710975730377 1.00000000000000
2039.74237564363284 1082.38182338280603 1.79639262211758 1.00000000000000
2039.76454249606468 1082.27075319271535 1.79577282486184 1.00000000000000
2039.78715022117831 1082.15856474777684 1.79539305042738 1.00000000000000
2039.80951064731926 1082.04564649378881 1.79484082455063 1.00000000000000
2039.83236248750472 1081.93238016637042 1.79450576315143 1.00000000000000
2039.85516901640221 1081.81829921202734 1.79384042548533 1.00000000000000
2039.87825178081403 1081.70350870490074 1.79359746185141 1.00000000000000
2039.90123793680687 1081.58833396015689 1.79293451011788 1.00000000000000
2039.92428936500801 1081.47208820702508 1.79225917725173 1.00000000000000
2039.94748669624096 1081.35535885486752 1.79197463742583 1.00000000000000
2039.97076511156047 1081.23869315395132 1.79147815790961 1.00000000000000
2039.99404720519669 1081.12159550329670 1.79113433980192 1.00000000000000
2040.01774336805101 1081.00387319503352 1.79089041956452 1.00000000000000
2040.04090775310760 1080.88607904454693 1.79020456145314 1.00000000000000
2040.06412477523554 1080.76830399967730 1.78986264359107 1.00000000000000
2040.08740613504779 1080.65055020991713 1.78977988622041 1.00000000000000
2040.11073556751944 1080.53282300662249 1.78936675539641 1.00000000000000
2040.13400545885088 1080.41544091748074 1.78856587561749 1.00000000000000
2040.15703168680193 1080.29878355003893 1.78840958372321 1.00000000000000
2040.18001162377186 1080.18260902632028 1.78825319130539 1.00000000000000
2040.20255512389122 1080.06693746522069 1.78752908701471 1.00000000000000
2040.22517164750025 1079.95160455536097 1.78709444413106 1.00000000000000
2040.24758018751163 1079.83698235079646 1.78678450468964 1.00000000000000
2040.26980433665449 1079.72268620412797 1.78633762728583 1.00000000000000
2040.29178516665706 1079.60949274012819 1.78591638098941 1.00000000000000
2040.31343882426154 1079.49723286367953 1.78538051746569 1.00000000000000
2040.33508710900787 1079.38587032398209 1.78524240074559 1.00000000000000
2040.35671825148165 1079.27575664827600 1.78489947219398 1.00000000000000
2040.37796599383000 1079.16612304933369 1.78497058683823 1.00000000000000
2040.39920919376891 1079.05683588795364 1.78448057006247 1.00000000000000
2040.42015980329597 1078.94875857746229 1.78427714066074 1.00000000000000
2040.44094698491972 1078.84145680721849 1.78393905499046 1.00000000000000
2040.46131884772331 1078.73511993512511 1.78364285660431 1.00000000000000
2040.48149099241709 1078.62972741900012 1.78338190606432 1.00000000000000
2040.50117702526040 1078.52549485629424 1.78297034165469 1.00000000000000
2040.52072418015450 1078.42202270077541 1.78240240414499 1.00000000000000
2040.53997841035016 1078.32030823174864 1.78185249239134 1.00000000000000
2040.55865822592750 1078.21976624336094 1.78141865595094 1.00000000000000
2040.57701189466752 1078.12049479177222 1.78128615765339 1.00000000000000
2040.59535675006919 1078.02204488031566 1.78072645721340 1.00000000000000
2040.62197208800353 1077.87638620799407 1.77955865817209 1.00000000000000
2040.64913075650111 1077.73288791906089 1.77922130722841 1.00000000000000
2040.67475094669499 1077.59151397086680 1.77851312572419 1.00000000000000
2040.70144547743257 1077.45113916089758 1.77870742817970 1.00000000000000
2040.72642164118588 1077.31171133043244 1.77805364131436 1.00000000000000
2040.75220700853970 1077.17409387929365 1.77782686704628 1.00000000000000
2040.77606047200970 1077.03855501115322 1.77672915817535 1.00000000000000
2040.80105867562816 1076.90396954119205 1.77639659528319 1.00000000000000
2040.82463584397919 1076.77151571540162 1.77596774390082 1.00000000000000
2040.84894309844822 1076.64093664987013 1.77542343226165 1.00000000000000
2040.87215776549419 1076.51129100099206 1.77509070563098 1.00000000000000
2040.89603858150076 1076.38261758815497 1.77475982071206 1.00000000000000
2040.91829520207830 1076.25593633623794 1.77392458148581 1.00000000000000
2040.94159381935606 1076.12985699111596 1.77372349532465 1.00000000000000
2040.96382835635450 1076.00374362850562 1.77324191971161 1.00000000000000
2040.98697321274085 1075.87802210915834 1.77323902423980 1.00000000000000
2041.00868652830832 1075.75343653094023 1.77243136145769 1.00000000000000
2041.03137642011279 1075.62910023564473 1.77257124934138 1.00000000000000
2041.05259896157077 1075.50684618810192 1.77166260874994 1.00000000000000
2041.07461611565668 1075.38513514259830 1.77188178395851 1.00000000000000
2041.09536216733977 1075.26451331702992 1.77053020064383 1.00000000000000
2041.11698511394206 1075.14429083326831 1.77049241799156 1.00000000000000
2041.13791841675993 1075.02433732012287 1.76955561682156 1.00000000000000
2041.15958715369925 1074.90411164518446 1.76950833880773 1.00000000000000
2041.18036685325205 1074.78499504877254 1.76904334487064 1.00000000000000
2041.20180199865717 1074.66586270602420 1.76903555105755 1.00000000000000
2041.22255609260174 1074.54587865434587 1.76853324003734 1.00000000000000
2041.24412334599765 1074.42527507618070 1.76835629084066 1.00000000000000
2041.26525101065636 1074.30291312653571 1.76792572248199 1.00000000000000
2041.28746933501679 1074.17934081424028 1.76784477039326 1.00000000000000
2041.30913770303596 1074.05475253844634 1.76761522081961 1.00000000000000
2041.33142168330960 1073.92954647913575 1.76756583785081 1.00000000000000
2041.35312726220582 1073.80338755249977 1.76693183306625 1.00000000000000
2041.37568803282920 1073.67714368551970 1.76691220953124 1.00000000000000
2041.39691975305323 1073.55104168225080 1.76572636961090 1.00000000000000
2041.41916397056775 1073.42438637791201 1.76602575173396 1.00000000000000
2041.44053249846911 1073.29663046356291 1.76508192327183 1.00000000000000
2041.46319440414663 1073.16700950451195 1.76520595158318 1.00000000000000
2041.48465100745670 1073.03614416019991 1.76432250977827 1.00000000000000
2041.50766821193974 1072.90409007202834 1.76454846566276 1.00000000000000
2041.52937455131905 1072.77076062234119 1.76324217710407 1.00000000000000
2041.55220641021151 1072.63651914522052 1.76309751068020 1.00000000000000
2041.57360515574692 1072.50095393788069 1.76203250557557 1.00000000000000
2041.59653673513094 1072.36561037646607 1.76142542821700 1.00000000000000
2041.61828753532609 1072.23023945745081 1.76065082504850 1.00000000000000
2041.64146920945495 1072.09492379426956 1.76040872800177 1.00000000000000
2041.66312700358685 1071.95972291519865 1.75955979847682 1.00000000000000
2041.68575252289884 1071.82429576385766 1.75952582571672 1.00000000000000
2041.70751204382395 1071.68911552848294 1.75878059281491 1.00000000000000
2041.73019379272591 1071.55381923355162 1.75879528974576 1.00000000000000
2041.75166541530052 1071.41866094758734 1.75797920479304 1.00000000000000
2041.77437172026839 1071.28291219426319 1.75813699775165 1.00000000000000
2041.79588629934005 1071.14628626080230 1.75715346009136 1.00000000000000
2041.81862840300892 1071.00940097449347 1.75718163499273 1.00000000000000
2041.84005239524413 1070.87152301054448 1.75606894671652 1.00000000000000
2041.86274300573859 1070.73297464707866 1.75566778245844 1.00000000000000
2041.88391510176007 1070.59434056701139 1.75475609065911 1.00000000000000
2041.90661770984298 1070.45585966715589 1.75396531320381 1.00000000000000
2041.92790815950138 1070.31719858292490 1.75314778213875 1.00000000000000
2041.95043849863578 1070.17872150242329 1.75277695804476 1.00000000000000
2041.97230290435255 1070.04008286166936 1.75225498685779 1.00000000000000
2041.99469541426515 1069.90154278557748 1.75205579737042 1.00000000000000
2042.01606542372610 1069.76288980105892 1.75163082241475 1.00000000000000
2042.03864181088284 1069.62431959016249 1.75126978679533 1.00000000000000
2042.06001315778121 1069.48573475191370 1.75073310842580 1.00000000000000
2042.08213416778017 1069.34816037025303 1.75045607494984 1.00000000000000
2042.10340515593998 1069.20942484168336 1.74968374298732 1.00000000000000
2042.12536285875831 1069.07078891154379 1.74928189504855 1.00000000000000
2042.14612264867174 1068.93303342303261 1.74869947720095 1.00000000000000
2042.16787109884899 1068.79622584488243 1.74849101399875 1.00000000000000
2042.18825632601511 1068.66118183778599 1.74785892321843 1.00000000000000
2042.20945517742075 1068.52872359752655 1.74744706315596 1.00000000000000
2042.22928464564029 1068.39831578079611 1.74725755114845 1.00000000000000
2042.24923688056879 1068.27198789734393 1.74724848651346 1.00000000000000
2042.26747738919221 1068.14991914806888 1.74670821176723 1.00000000000000
2042.28597566648386 1068.03112401859835 1.74668013173883 1.00000000000000
2042.30247423559194 1067.91663064248860 1.74568864147357 1.00000000000000
2042.31947915290948 1067.80530802393332 1.74571405988526 1.00000000000000
2042.33476101246197 1067.69852954056114 1.74474120071569 1.00000000000000
2042.35066645417828 1067.59262599237263 1.74465965193090 1.00000000000000
2042.36563530430431 1067.48630444658920 1.74368498385169 1.00000000000000
2042.38214601785876 1067.37694166088477 1.74389212170647 1.00000000000000
2042.39828091306845 1067.26460191514343 1.74308164038751 1.00000000000000
2042.41615594661562 1067.14614228764549 1.74308052601991 1.00000000000000
2042.43358477001311 1067.02126634493470 1.74229723910533 1.00000000000000
2042.45317261421587 1066.89070726605132 1.74205899246342 1.00000000000000
2042.47257550357608 1066.75366917904466 1.74141540246895 1.00000000000000
2042.49386485468131 1066.61134042171761 1.74138174832373 1.00000000000000
2042.51417090371251 1066.46487375069410 1.74015879980933 1.00000000000000
2042.53606754064094 1066.31691612396389 1.74003199015590 1.00000000000000
2042.55020475503989 1066.21761527843773 1.73969155980982 1.00000000000000
2042.56420554465149 1066.11806842638180 1.73863572314357 1.00000000000000
2042.58422268927097 1065.97029139054939 1.73799538583102 1.00000000000000
2042.60516192449722 1065.82567575760186 1.73728445813399 1.00000000000000
2042.62409705796745 1065.68384457752109 1.73638209486724 1.00000000000000
2042.64390872209333 1065.54487600596622 1.73585914705699 1.00000000000000
2042.66246735188179 1065.40772668877617 1.73520107846036 1.00000000000000
2042.68156769534107 1065.27372777275741 1.73495936448824 1.00000000000000
2042.69892805191921 1065.14280457422137 1.73412178205485 1.00000000000000
2042.71728997665923 1065.01438438426703 1.73419266320960 1.00000000000000
2042.73345052299555 1064.88788002030924 1.73291743076028 1.00000000000000
2042.75057945540175 1064.76420344924554 1.73294270082968 1.00000000000000
2042.76606219878886 1064.64389906544238 1.73182424404464 1.00000000000000
2042.78221528843278 1064.53089266782627 1.73186901449310 1.00000000000000
2042.79605872486718 1064.42523298831657 1.73112797753276 1.00000000000000
2042.81087972992100 1064.31919338041916 1.73130673383012 1.00000000000000
2042.82467438920867 1064.21615381259471 1.73079531786385 1.00000000000000
2042.83878245693631 1064.11647848039865 1.73134936869628 1.00000000000000
2042.85261790372897 1064.01419934956357 1.73069705314322 1.00000000000000
2042.86653829738498 1063.91513317218050 1.73105876293806 1.00000000000000
2042.88265394960763 1063.79485718952492 1.73083905745399 1.00000000000000
2042.89784964313731 1063.68203173158690 1.73066793791564 1.00000000000000
2042.91132839443162 1063.58019392564893 1.73080233333830 1.00000000000000
2042.92701066855807 1063.46259069163352 1.73062621497746 1.00000000000000
2042.94226535363123 1063.35257147764787 1.73076753027832 1.00000000000000
2042.95786810014397 1063.23557671718299 1.73056890306906 1.00000000000000
2042.97109522460960 1063.13275094516575 1.73035084861834 1.00000000000000
2042.98491695750272 1063.02472940646112 1.73097471022525 1.00000000000000
