2052.27151395688998 1081.95254663424566 2.72477660405951 1.00000000000000
2052.18017618445447 1081.99533429881558 2.72422568221265 1.00000000000000
2052.08615442598239 1082.04032308654860 2.72169369759386 1.00000000000000
2051.99060458707390 1082.08801467390731 2.71637990431118 1.00000000000000
2051.87951346021146 1082.14312765793875 2.71026074486725 1.00000000000000
2051.78151149471523 1082.19367494201288 2.70244572113045 1.00000000000000
2051.67600293824216 1082.24944757809862 2.69363314814793 1.00000000000000
2051.56220774463145 1082.31111579434946 2.68293087067837 1.00000000000000
2051.47184905840550 1082.36342516867444 2.67308716130499 1.00000000000000
2051.37683900154661 1082.41683156974614 2.66245931886310 1.00000000000000
2051.27689059660770 1082.47842357866466 2.64901762269577 1.00000000000000
2051.17181042401353 1082.54168417351320 2.63602189607335 1.00000000000000
2051.06423521274701 1082.61342007853091 2.61902528433164 1.00000000000000
2050.95258614118211 1082.68616770626977 2.60353849586270 1.00000000000000
2050.83990107179852 1082.76967494189739 2.58464987567068 1.00000000000000
2050.72345698741265 1082.85295077320188 2.56747854541630 1.00000000000000
2050.60761285532499 1082.94714481150731 2.54543780211584 1.00000000000000
2050.52958036481868 1083.01089454581961 2.53141936730909 1.00000000000000
2050.45155081123812 1083.07699612714350 2.51683303035125 1.00000000000000
2050.37336880469229 1083.14552248921245 2.50211785059204 1.00000000000000
2050.29470252979081 1083.21655617188662 2.48719062001069 1.00000000000000
2050.21588542516110 1083.28977552242577 2.47222457877001 1.00000000000000
2050.13753865548642 1083.36486289184541 2.45665389471041 1.00000000000000
2050.05972648947500 1083.44199784193188 2.44105022505446 1.00000000000000
2049.98227836471051 1083.52099671866745 2.42637597770189 1.00000000000000
2049.90534909861162 1083.60176532668993 2.41070593052284 1.00000000000000
2049.82885972072836 1083.68518209410831 2.39466877824915 1.00000000000000
2049.75299356086180 1083.77047684509307 2.37955760541135 1.00000000000000
2049.67792967695277 1083.85717152571306 2.36412790377498 1.00000000000000
2049.60310431820108 1083.94617139594629 2.34860654111669 1.00000000000000
2049.52916476235259 1084.03713490813971 2.33318774119718 1.00000000000000
2049.45609129115473 1084.12930154055357 2.31844703294886 1.00000000000000
2049.38372338452609 1084.22239415440708 2.30353086514223 1.00000000000000
2049.31288924982073 1084.31659966707230 2.28885374752005 1.00000000000000
2049.24367544322740 1084.41239596158266 2.27438315256514 1.00000000000000
2049.17571365518961 1084.50901270378381 2.26044051120782 1.00000000000000
2049.10933712165570 1084.60678972257301 2.24664587973783 1.00000000000000
2049.04405196214793 1084.70507412403822 2.23307293508455 1.00000000000000
2048.97979172912892 1084.80394110083580 2.22060681339723 1.00000000000000
2048.91638506087475 1084.90327012119815 2.21017291708171 1.00000000000000
2048.85427322692703 1085.00271029956639 2.20069131856370 1.00000000000000
2048.79268190497532 1085.10235080588609 2.19244387585751 1.00000000000000
2048.73138816573191 1085.20253927120939 2.18555270136918 1.00000000000000
2048.67075849708635 1085.30248973751441 2.17966664712027 1.00000000000000
2048.61135038291104 1085.40335287619382 2.17473330619690 1.00000000000000
2048.55171672347933 1085.50452060019597 2.17046216456496 1.00000000000000
2048.49203528120415 1085.60548547701910 2.16658933786776 1.00000000000000
2048.43240029324079 1085.70635340223089 2.16288512834059 1.00000000000000
2048.37273661117069 1085.80682230787352 2.16062210283836 1.00000000000000
2048.31304672360420 1085.90750022931024 2.15897343060607 1.00000000000000
2048.25350340059958 1086.00822637230158 2.15759587268159 1.00000000000000
2048.19354165665573 1086.10852635744959 2.15665847817829 1.00000000000000
2048.13276900380151 1086.20830373372883 2.15697838064788 1.00000000000000
2048.07165115047246 1086.30764807388186 2.15836650354044 1.00000000000000
2048.00969142187387 1086.40648177871481 2.16034786540918 1.00000000000000
2047.94730773428455 1086.50573628582060 2.16238927023771 1.00000000000000
2047.88358295976650 1086.60532311815768 2.16542797066367 1.00000000000000
2047.81927795906086 1086.70494655659422 2.16991545632522 1.00000000000000
2047.75465031666681 1086.80436880281195 2.17514337817736 1.00000000000000
2047.68860493920511 1086.90279313130304 2.18094321520277 1.00000000000000
2047.62176533753518 1087.00069104740396 2.18701700816218 1.00000000000000
2047.55367246700916 1087.09847794240341 2.19381776675386 1.00000000000000
2047.48433493915945 1087.19573398539796 2.20198133502829 1.00000000000000
2047.41397354623768 1087.29250175133348 2.21004354999957 1.00000000000000
2047.34258377365768 1087.38824761286378 2.21897674084863 1.00000000000000
2047.26996268238872 1087.48312338581309 2.22835819233962 1.00000000000000
2047.19564096553950 1087.57757335575297 2.23828348184791 1.00000000000000
2047.11968956782948 1087.67195414705202 2.24891400813280 1.00000000000000
2047.04198884346988 1087.76558673335239 2.25974826233266 1.00000000000000
2046.96250324707944 1087.85839484771714 2.27073960576571 1.00000000000000
2046.88167001667898 1087.95076587563381 2.28190983869090 1.00000000000000
2046.79939199017826 1088.04199203522876 2.29306956476568 1.00000000000000
2046.71567504643463 1088.13225106289610 2.30520077098478 1.00000000000000
2046.63131295493804 1088.22105485433713 2.31727835007033 1.00000000000000
2046.54521917522652 1088.30874519143254 2.32952972615689 1.00000000000000
2046.45823102397844 1088.39551036385819 2.34204344443215 1.00000000000000
2046.36937433766434 1088.48140285629779 2.35554369850185 1.00000000000000
2046.27914536389289 1088.56632395368069 2.36931029900786 1.00000000000000
2046.18729292764328 1088.65001192642376 2.38336381691237 1.00000000000000
2046.09408797090873 1088.73186874855310 2.39773550626696 1.00000000000000
2045.99952982133254 1088.81315959617496 2.41195150265555 1.00000000000000
2045.90259733749554 1088.89370739180595 2.42732079492718 1.00000000000000
2045.80461968143936 1088.97259975317866 2.44294900232679 1.00000000000000
2045.70489630906377 1089.05018194392323 2.45812354053603 1.00000000000000
2045.60406081966357 1089.12618499295786 2.47449883203734 1.00000000000000
2045.50183983135503 1089.20049817487597 2.49130786920123 1.00000000000000
2045.39783784293104 1089.27336573135108 2.50765274220519 1.00000000000000
2045.29230580735020 1089.34482734836638 2.52343303160511 1.00000000000000
2045.18532313912874 1089.41432399861515 2.54029456174139 1.00000000000000
2045.07706506777322 1089.48190029244870 2.55706609054501 1.00000000000000
2044.96747775404947 1089.54810064844787 2.57334182892827 1.00000000000000
2044.85622998431791 1089.61277329223230 2.59011266339274 1.00000000000000
2044.74356015917147 1089.67599069047719 2.60685467402264 1.00000000000000
2044.62895964563359 1089.73785983305424 2.62367537964938 1.00000000000000
2044.51282693620306 1089.79787611216307 2.64087921056976 1.00000000000000
2044.39538620668463 1089.85638640448451 2.65748585768432 1.00000000000000
2044.27607645152602 1089.91349256876856 2.67432580854239 1.00000000000000
2044.15555618505459 1089.96897005569190 2.69148560801371 1.00000000000000
2044.03392889810493 1090.02220758469775 2.70806623077936 1.00000000000000
2043.91104426619131 1090.07385692093521 2.72489921412668 1.00000000000000
2043.78693706775084 1090.12361255940050 2.74228610181864 1.00000000000000
2043.66142070427304 1090.17138447612524 2.75913885027794 1.00000000000000
2043.53475250129122 1090.21728923823684 2.77602313309984 1.00000000000000
2043.40730013319990 1090.26182326395065 2.79303560550191 1.00000000000000
2043.27870308898855 1090.30445593036711 2.81000715989627 1.00000000000000
2043.14894420927158 1090.34521992504597 2.82752853298601 1.00000000000000
2043.01815086428542 1090.38382871216163 2.84447481771173 1.00000000000000
2042.88603386376053 1090.42030625604093 2.86172892713622 1.00000000000000
2042.75299896020442 1090.45478006778285 2.87922819917604 1.00000000000000
2042.61905894445954 1090.48747474187985 2.89576078165650 1.00000000000000
2042.48424723936478 1090.51804368710145 2.91277235856967 1.00000000000000
2042.34826037986204 1090.54629981797189 2.93076026131192 1.00000000000000
2042.21144740027376 1090.57233487674966 2.94788732201249 1.00000000000000
2042.07374219771009 1090.59611565293744 2.96415034189867 1.00000000000000
2041.93529364571441 1090.61781054176390 2.98189425925082 1.00000000000000
2041.79675593279535 1090.63767761923373 2.99874654046799 1.00000000000000
2041.65772033139365 1090.65502795809880 3.01466023319045 1.00000000000000
2041.51849352533463 1090.67029852280393 3.03099713532177 1.00000000000000
2041.37914015271235 1090.68353726621717 3.04685007286157 1.00000000000000
2041.23972928745206 1090.69467266509309 3.06189298055695 1.00000000000000
2041.10092315165093 1090.70398427080363 3.07660412527225 1.00000000000000
2040.96302215475589 1090.71103290794417 3.09027645197902 1.00000000000000
2040.82612281746697 1090.71652474952862 3.10254034516547 1.00000000000000
2040.68961391178891 1090.72060007881373 3.11354308845315 1.00000000000000
2040.55376853269991 1090.72354836761951 3.12319422668150 1.00000000000000
2040.41896871553035 1090.72511482611299 3.13182192665342 1.00000000000000
2040.28516516136006 1090.72579043311998 3.13809251908194 1.00000000000000
2040.15270373731619 1090.72566628409550 -3.14096387929650 1.00000000000000
2040.02116429916350 1090.72424029512331 -3.13745056113072 1.00000000000000
2039.89088766672648 1090.72344280127436 -3.13587231598786 1.00000000000000
2039.76167877623811 1090.72299797134474 -3.13578579536317 1.00000000000000
2039.63366776274052 1090.72317189350724 -3.13654203963690 1.00000000000000
2039.50682674266864 1090.72373379254714 -3.13706920328503 1.00000000000000
2039.38101598969661 1090.72504748217762 -3.13890006375521 1.00000000000000
2039.25581083318684 1090.72752879094332 3.14067625120988 1.00000000000000
2039.13146124582272 1090.73215763503686 3.13617499245293 1.00000000000000
2039.00795528292656 1090.73732805950567 3.13121618290686 1.00000000000000
2038.88505454047117 1090.74384368630126 3.12389727430795 1.00000000000000
2038.76294695097022 1090.75227901199833 3.11522835908242 1.00000000000000
2038.64184600691078 1090.76169506367296 3.10788269921853 1.00000000000000
2038.52130164089613 1090.77240999601781 3.09903964233855 1.00000000000000
2038.40137386054266 1090.78459363803267 3.08831560701237 1.00000000000000
2038.28207985241897 1090.79835013207048 3.07782434928607 1.00000000000000
2038.16359911335167 1090.81345698283985 3.06696756371620 1.00000000000000
2038.04579503764398 1090.83041352685541 3.05569442209421 1.00000000000000
2037.92883589077974 1090.84879469778389 3.04499220640974 1.00000000000000
2037.81251387321390 1090.86879307962954 3.03409889264904 1.00000000000000
2037.69687286997214 1090.89036874985322 3.02262151501521 1.00000000000000
2037.58200566004962 1090.91363031184301 3.01113450927841 1.00000000000000
2037.46740997314919 1090.93875032290816 2.99943633042644 1.00000000000000
2037.35374934715219 1090.96480855438858 2.98674261353131 1.00000000000000
2037.24077725387178 1090.99270186666399 2.97375075191384 1.00000000000000
2037.12820992805064 1091.02195295924321 2.96038959750482 1.00000000000000
2037.01604205678450 1091.05315845413134 2.94613307953627 1.00000000000000
2036.90481597324833 1091.08608589647338 2.93140464498991 1.00000000000000
2036.79397642891854 1091.12059452291578 2.91677484303748 1.00000000000000
2036.68318688415457 1091.15696701314300 2.90206428137911 1.00000000000000
2036.57356264261762 1091.19500415166840 2.88748771423908 1.00000000000000
2036.46485037222737 1091.23475148156285 2.87158935600623 1.00000000000000
2036.35680866090115 1091.27678317949176 2.85509196803385 1.00000000000000
2036.24937793065328 1091.32040782691911 2.83952956396417 1.00000000000000
2036.14270170102827 1091.36609152378514 2.82302398802528 1.00000000000000
2036.03671746281907 1091.41334615135565 2.80600716287460 1.00000000000000
2035.93189597013406 1091.46260630991310 2.78820970653091 1.00000000000000
2035.82855270360596 1091.51358556328341 2.77030586088380 1.00000000000000
2035.72596360131865 1091.56636697845533 2.75168593529498 1.00000000000000
2035.62433502019849 1091.62119392119348 2.73278502011380 1.00000000000000
2035.52373238751898 1091.67793778423220 2.71383292672747 1.00000000000000
2035.42419788747793 1091.73651198809966 2.69460714029958 1.00000000000000
2035.32630237680860 1091.79694178840145 2.67583507006413 1.00000000000000
2035.23004378326004 1091.85922943847254 2.65652580958521 1.00000000000000
2035.13496689393651 1091.92307059979066 2.63692344003106 1.00000000000000
2035.04116899194196 1091.98899384681135 2.61768437369758 1.00000000000000
2034.94906010932755 1092.05641866568476 2.59805332639368 1.00000000000000
2034.85884636652190 1092.12561280373484 2.57792544562094 1.00000000000000
2034.76938898523804 1092.19671962503344 2.55825462986781 1.00000000000000
2034.68146211392013 1092.26967746531591 2.53880211482931 1.00000000000000
2034.59543384099379 1092.34415783220902 2.51880455327742 1.00000000000000
2034.51031965995207 1092.42074626358226 2.49877744295645 1.00000000000000
2034.42633900314104 1092.49890384264290 2.47920790178381 1.00000000000000
2034.34414808073780 1092.57912897318602 2.45912813307498 1.00000000000000
2034.26343370345421 1092.66066050389782 2.43891371690495 1.00000000000000
2034.18386712553911 1092.74425588455051 2.41883106906683 1.00000000000000
2034.10581310954876 1092.82961521949619 2.39912880931944 1.00000000000000
2034.02885403903201 1092.91717994958162 2.37964250712252 1.00000000000000
2033.95323541329708 1093.00593262212351 2.36023835877984 1.00000000000000
2033.87867991719395 1093.09638341329992 2.34173597685921 1.00000000000000
2033.80504135915544 1093.18884022952989 2.32323646109431 1.00000000000000
2033.73271021468099 1093.28279571793973 2.30545620288427 1.00000000000000
2033.66179210937116 1093.37774334289134 2.28934486810697 1.00000000000000
2033.59199626347981 1093.47446036664769 2.27385319807870 1.00000000000000
2033.52273635135498 1093.57269773120061 2.25921409904670 1.00000000000000
2033.45435364218429 1093.67254554806277 2.24586099205493 1.00000000000000
2033.38675757328747 1093.77342034317553 2.23352058174264 1.00000000000000
2033.31979390338529 1093.87532078241929 2.22133987689248 1.00000000000000
2033.25315324601252 1093.97854743944481 2.21000311008505 1.00000000000000
2033.18658637313638 1094.08273518085480 2.19880178060225 1.00000000000000
2033.12055076449178 1094.18819148791954 2.18711283901683 1.00000000000000
2033.05459606286604 1094.29463884886354 2.17617126039250 1.00000000000000
2032.98919834394474 1094.40178428264335 2.16607570779848 1.00000000000000
2032.92408612777945 1094.51062776148319 2.15715041604767 1.00000000000000
2032.85938714782242 1094.62047123722732 2.14976713906759 1.00000000000000
2032.79461136274040 1094.73077825875953 2.14390467419088 1.00000000000000
2032.73019713710528 1094.84219863172621 2.13798692263498 1.00000000000000
2032.66573921579402 1094.95427399175242 2.13344364640625 1.00000000000000
2032.60083367465995 1095.06674497807398 2.12963145900276 1.00000000000000
2032.53583160240669 1095.17984178988263 2.12672262452921 1.00000000000000
2032.47023724776227 1095.29326057853177 2.12486430796276 1.00000000000000
2032.40376960241701 1095.40748510835692 2.12487415087802 1.00000000000000
2032.33625056070741 1095.52203435637057 2.12590520420086 1.00000000000000
2032.26777978386963 1095.63648396125063 2.12797683001434 1.00000000000000
2032.19829523673980 1095.75094071170315 2.13099465636503 1.00000000000000
2032.12767230649479 1095.86526823462918 2.13463155610620 1.00000000000000
2032.05572277290048 1095.97979323333129 2.13976957125954 1.00000000000000
2031.98220969655085 1096.09378862148151 2.14715068790936 1.00000000000000
2031.90751827420900 1096.20710215438157 2.15551937317490 1.00000000000000
2031.83136463433038 1096.31968466378748 2.16475740034254 1.00000000000000
2031.75364443846047 1096.43090005638078 2.17607867825933 1.00000000000000
2031.67326626926661 1096.54198683565482 2.18854278574234 1.00000000000000
2031.59066327835899 1096.65268927812576 2.20172467111665 1.00000000000000
2031.50645702390466 1096.76200893847272 2.21649524498388 1.00000000000000
2031.41957533283858 1096.87030522571877 2.23211496562900 1.00000000000000
2031.33018249250017 1096.97747948765755 2.24860712837588 1.00000000000000
2031.23818102158839 1097.08334237337112 2.26629841865992 1.00000000000000
2031.14283774211071 1097.18778420891613 2.28494970634626 1.00000000000000
2031.04485752247274 1097.29042617976665 2.30472770850811 1.00000000000000
2030.94433672085870 1097.39086582697928 2.32486227212984 1.00000000000000
2030.84090238879435 1097.48988318582997 2.34548670732897 1.00000000000000
2030.73417384433560 1097.58712672907859 2.36730590596886 1.00000000000000
2030.62519036210142 1097.68211215641350 2.38903492786981 1.00000000000000
2030.51311226806138 1097.77398131461814 2.41098854316764 1.00000000000000
2030.39894617849495 1097.86382416728884 2.43375207943952 1.00000000000000
2030.28253757581115 1097.95162692619488 2.45685993423451 1.00000000000000
2030.16400449484354 1098.03644064301625 2.47978523599472 1.00000000000000
2030.04337452945765 1098.11850434914231 2.50283526453983 1.00000000000000
2029.91999618679984 1098.19810573663563 2.52650069238381 1.00000000000000
2029.79424718109658 1098.27567493636161 2.54938488415204 1.00000000000000
2029.66647658543661 1098.35046243388206 2.57222268532395 1.00000000000000
2029.53670252417214 1098.42223203880712 2.59581670879805 1.00000000000000
2029.40576270641759 1098.49130704253912 2.61922941412813 1.00000000000000
2029.27235991449561 1098.55753362411633 2.64186210446411 1.00000000000000
2029.13753400713904 1098.62099489429966 2.66488704495468 1.00000000000000
2029.00185872451402 1098.68112177774310 2.68831713183588 1.00000000000000
2028.86489082791377 1098.73764670733362 2.71103496391448 1.00000000000000
2028.72629973461153 1098.79072283767164 2.73401455063957 1.00000000000000
2028.58713269466534 1098.84063379885629 2.75701139110531 1.00000000000000
2028.44759394961875 1098.88729946501553 2.77964594922624 1.00000000000000
2028.30733863177011 1098.93035696446896 2.80217358082174 1.00000000000000
2028.16690917091910 1098.97052656253800 2.82486271490937 1.00000000000000
2028.02624410437420 1099.00755176041275 2.84742803784937 1.00000000000000
2027.88638147071470 1099.04122574720532 2.86981682139659 1.00000000000000
2027.74676795315463 1099.07107125734910 2.89234355947115 1.00000000000000
2027.60716983966995 1099.09761087968946 2.91465763500739 1.00000000000000
2027.46793740848079 1099.12121394928545 2.93664791256391 1.00000000000000
2027.32838898466434 1099.14109992096201 2.95874422539360 1.00000000000000
2027.18915269197896 1099.15856884792447 2.98044224051380 1.00000000000000
2027.05042395647615 1099.17290310468525 3.00191571099980 1.00000000000000
2026.91211054276209 1099.18548511434346 3.02347111070022 1.00000000000000
2026.77396327420138 1099.19552915869281 3.04471719565742 1.00000000000000
2026.63692245108541 1099.20354449283332 3.06523973334462 1.00000000000000
2026.50085030298214 1099.20768331969157 3.08586472729022 1.00000000000000
2026.36550113745034 1099.20859362836927 3.10641036150348 1.00000000000000
2026.23166840942577 1099.20641880482435 3.12717155207133 1.00000000000000
2026.09843524993630 1099.20253929588944 -3.13508792184528 1.00000000000000
2025.96599243360106 1099.19365092366934 -3.11361527283819 1.00000000000000
2025.83416528278030 1099.18292492069304 -3.09260263251317 1.00000000000000
2025.70353046548553 1099.16871629888192 -3.07101080733269 1.00000000000000
2025.57439400535077 1099.15224272804335 -3.04965694592015 1.00000000000000
2025.44715962879127 1099.13425086159259 -3.02797821447846 1.00000000000000
2025.32095165748615 1099.11219444358721 -3.00632272601355 1.00000000000000
2025.19653162930626 1099.08784515364096 -2.98427904090857 1.00000000000000
2025.07307934365235 1099.06087714945897 -2.96150931094461 1.00000000000000
2024.95061339309905 1099.03134909039363 -2.93853028200650 1.00000000000000
2024.82835076504853 1098.99995685089380 -2.91634537130189 1.00000000000000
2024.70842362876283 1098.96748233120888 -2.89487944590816 1.00000000000000
2024.59193622530438 1098.93269881745800 -2.87327301329708 1.00000000000000
2024.47766992292600 1098.89669767674059 -2.85254811272357 1.00000000000000
2024.36916588584427 1098.86047805938870 -2.83277596327536 1.00000000000000
2024.26492912019603 1098.82336889207363 -2.81352665444576 1.00000000000000
2024.16096322220983 1098.78509654058143 -2.79488796728960 1.00000000000000
2024.05932332412340 1098.74500519828871 -2.77696033402912 1.00000000000000
2023.95994586218148 1098.70469887694344 -2.76070861937444 1.00000000000000
2023.86537476099329 1098.66376985097304 -2.74492158421068 1.00000000000000
2023.73369471397018 1098.60396586544812 -2.72265545784087 1.00000000000000
2023.62079397443449 1098.54577197320759 -2.70307281239037 1.00000000000000
2023.51716265361756 1098.49466264015064 -2.68670111953203 1.00000000000000
2023.40376655530417 1098.43411121610552 -2.66942078793564 1.00000000000000
2023.30261255556252 1098.37781929783523 -2.65490285038971 1.00000000000000
