2060.81384232186247 1064.31281470926479 -0.76478692622828 1.00000000000000
2060.73375438817311 1064.39046097500250 -0.77863609815015 1.00000000000000
2060.65127307869261 1064.47293715411797 -0.79351449778515 1.00000000000000
2060.57288563274778 1064.55357453646138 -0.80704755455312 1.00000000000000
2060.50052743428387 1064.62963289255276 -0.81741540387523 1.00000000000000
2060.42355682596099 1064.71217595506459 -0.82865848539274 1.00000000000000
2060.33948706608498 1064.80410788115114 -0.83834225271626 1.00000000000000
2060.27077804575674 1064.87988456524909 -0.84463986588392 1.00000000000000
2060.20372671296354 1064.95603554230183 -0.85065352955027 1.00000000000000
2060.13198971009115 1065.03689612727612 -0.85430097012232 1.00000000000000
2060.06360251997830 1065.11607847502455 -0.85796375869285 1.00000000000000
2059.99060115666362 1065.19997056433931 -0.86016699651141 1.00000000000000
2059.92086179147009 1065.28175783250481 -0.86156888950389 1.00000000000000
2059.84824270475656 1065.36605737265199 -0.86165795754949 1.00000000000000
2059.77895116154104 1065.44772281590849 -0.86164521370255 1.00000000000000
2059.70714140875498 1065.53173108585179 -0.86068871909028 1.00000000000000
2059.63837714807596 1065.61312607442960 -0.85874686258625 1.00000000000000
2059.56833841657499 1065.69559927051887 -0.85659680809169 1.00000000000000
2059.50128798629157 1065.77477454906330 -0.85398287791604 1.00000000000000
2059.43307787936646 1065.85604420071468 -0.85157096642372 1.00000000000000
2059.36718320578802 1065.93389025703073 -0.84714105913737 1.00000000000000
2059.30070257262560 1066.01394992973655 -0.84405674199015 1.00000000000000
2059.23592036240734 1066.09039564058185 -0.83960138810035 1.00000000000000
2059.17102771031205 1066.16929601691663 -0.83624805131289 1.00000000000000
2059.08544631476980 1066.27192223444581 -0.83035768351180 1.00000000000000
2059.00151080719661 1066.37307437276468 -0.82446631758685 1.00000000000000
2058.91876242833678 1066.47311079036444 -0.81896652300677 1.00000000000000
2058.83724879479269 1066.57179230824113 -0.81385891952463 1.00000000000000
2058.75576123216888 1066.66993850888684 -0.80816014109625 1.00000000000000
2058.67424457578454 1066.76803255546838 -0.80309406313940 1.00000000000000
2058.59271513641579 1066.86559723084792 -0.79807679568019 1.00000000000000
2058.51097946835216 1066.96311159292236 -0.79324080300791 1.00000000000000
2058.42996672145091 1067.05898385774344 -0.78784801820669 1.00000000000000
2058.34949267382035 1067.15393204474822 -0.78335437202571 1.00000000000000
2058.26947633246891 1067.24744669301435 -0.77815323175032 1.00000000000000
2058.18940974207362 1067.34071490587667 -0.77409626399673 1.00000000000000
2058.10950824670726 1067.43315518693998 -0.77003071779561 1.00000000000000
2058.02883625659160 1067.52521181758493 -0.76606992008242 1.00000000000000
2057.94783997605555 1067.61734981881455 -0.76275622293388 1.00000000000000
2057.86595909739845 1067.70952968159690 -0.75899362654023 1.00000000000000
2057.78204459144035 1067.80240747798234 -0.75667920919848 1.00000000000000
2057.69680981227430 1067.89580969745293 -0.75252504838054 1.00000000000000
2057.60946327634156 1067.99031545314938 -0.75036734058686 1.00000000000000
2057.51951244258089 1068.08560089115053 -0.74683651298628 1.00000000000000
2057.42750288464595 1068.18162225000560 -0.74388272927518 1.00000000000000
2057.35585719533265 1068.25329526886344 -0.74096820107418 1.00000000000000
2057.28365169826429 1068.32876499602571 -0.73944961899615 1.00000000000000
2057.20911563630216 1068.40185926202685 -0.73597830083073 1.00000000000000
2057.13441563060042 1068.47881085239351 -0.73486474699539 1.00000000000000
2057.05818155792076 1068.55269862618297 -0.73181698709047 1.00000000000000
2056.98156967398245 1068.62980503682047 -0.73075983563518 1.00000000000000
2056.90377752605127 1068.70422318764031 -0.72874671467745 1.00000000000000
2056.82546502118930 1068.78173455782235 -0.72851036738362 1.00000000000000
2056.74618628836470 1068.85669784853235 -0.72609097289691 1.00000000000000
2056.66604746982921 1068.93447008263320 -0.72481028577272 1.00000000000000
2056.58432650577743 1069.01072052726522 -0.72332712943269 1.00000000000000
2056.50133736734279 1069.08976329909638 -0.72189628297204 1.00000000000000
2056.41699584003072 1069.16763049922884 -0.72077000895182 1.00000000000000
2056.33105847565457 1069.24879651376978 -0.72005204535744 1.00000000000000
2056.24320349685149 1069.32932380167767 -0.71894345255123 1.00000000000000
2056.15330762026133 1069.41269071167335 -0.71858348765079 1.00000000000000
2056.06150488625281 1069.49594919756055 -0.71669629515864 1.00000000000000
2055.96529881900642 1069.58357111504301 -0.71453775921237 1.00000000000000
2055.86820657679345 1069.67027448629960 -0.71369370937744 1.00000000000000
2055.76872907346115 1069.75978867290542 -0.71162017728883 1.00000000000000
2055.66834532294888 1069.84875636594370 -0.70859790376954 1.00000000000000
2055.56503705010982 1069.94030606932938 -0.70635551672645 1.00000000000000
2055.45970588218188 1070.03274019062519 -0.70295726418144 1.00000000000000
2055.35174336523050 1070.12706060661003 -0.69917524454642 1.00000000000000
2055.24202536849771 1070.22131985053420 -0.69592458623842 1.00000000000000
2055.13022206211463 1070.31793263088912 -0.69220805123548 1.00000000000000
2055.01693317003082 1070.41458058636636 -0.68867960318526 1.00000000000000
2054.90220042911824 1070.51259179599583 -0.68479104879725 1.00000000000000
2054.82462993008085 1070.57808720599860 -0.68136708263742 1.00000000000000
2054.74606565339491 1070.64391924161464 -0.67814331869529 1.00000000000000
2054.66677238972625 1070.71021548612043 -0.67532039198625 1.00000000000000
2054.58691644098144 1070.77645920356736 -0.67198382261068 1.00000000000000
2054.50646067026537 1070.84308896353468 -0.66863118532928 1.00000000000000
2054.42494161706418 1070.91003437852487 -0.66518556643459 1.00000000000000
2054.34253462473862 1070.97729647951201 -0.66167944484522 1.00000000000000
2054.25936492579058 1071.04520100168884 -0.65906341535663 1.00000000000000
2054.17549563490320 1071.11309929285198 -0.65587920364442 1.00000000000000
2054.09123224613722 1071.18096618307754 -0.65284839493575 1.00000000000000
2054.00634057854768 1071.24890663055703 -0.64996142323197 1.00000000000000
2053.92121193069033 1071.31650224793702 -0.64685214439474 1.00000000000000
2053.83602002321277 1071.38393009500578 -0.64368895114237 1.00000000000000
2053.75063948018942 1071.45103868609294 -0.64089880056020 1.00000000000000
2053.66533698723651 1071.51821299130097 -0.63862376305733 1.00000000000000
2053.57986751786666 1071.58512748079374 -0.63580172680183 1.00000000000000
2053.49470710044261 1071.65136931743473 -0.63379705708181 1.00000000000000
2053.40969093563035 1071.71721619088203 -0.63222935346679 1.00000000000000
2053.32504541659728 1071.78244700748473 -0.63041058664916 1.00000000000000
2053.24063447443768 1071.84740406461060 -0.62827276561218 1.00000000000000
2053.15583606756991 1071.91175321582705 -0.62645825089059 1.00000000000000
2053.07117846485926 1071.97620171494782 -0.62451550525650 1.00000000000000
2052.98664746480063 1072.03981749713421 -0.62221289205662 1.00000000000000
2052.90226772817550 1072.10299271112308 -0.62021838657968 1.00000000000000
2052.81780521711335 1072.16592314373702 -0.61834630423411 1.00000000000000
2052.73309488751693 1072.22858377359807 -0.61627204081234 1.00000000000000
2052.64810080698226 1072.29085092246532 -0.61407843432632 1.00000000000000
2052.56369035609532 1072.35265223309398 -0.61188287323674 1.00000000000000
2052.47996676398907 1072.41370211495087 -0.60993161801644 1.00000000000000
2052.39627945038956 1072.47425990086049 -0.60758558938154 1.00000000000000
2052.31257083220407 1072.53469921555370 -0.60494112307340 1.00000000000000
2052.22923620592337 1072.59458428621292 -0.60279964833088 1.00000000000000
2052.14605448115617 1072.65400785719976 -0.60069917022427 1.00000000000000
2052.06329967489000 1072.71274637524039 -0.59830740455890 1.00000000000000
2051.98065017804038 1072.77120587276295 -0.59665123558412 1.00000000000000
2051.89804758678656 1072.82963827904314 -0.59446015065825 1.00000000000000
2051.81530841725180 1072.88780359784141 -0.59207679141089 1.00000000000000
2051.73225199215813 1072.94568682089448 -0.58981990696495 1.00000000000000
2051.64945495221764 1073.00360219227150 -0.58813956017823 1.00000000000000
2051.56693500163965 1073.06091585708782 -0.58472707064823 1.00000000000000
2051.48468951589894 1073.11794734699652 -0.58183401284943 1.00000000000000
2051.40207995742094 1073.17447760235518 -0.57919573631271 1.00000000000000
2051.27884649427142 1073.25809728540480 -0.57377678008717 1.00000000000000
2051.15594954323024 1073.34188837325200 -0.56970106767300 1.00000000000000
2051.03246528981254 1073.42413772363216 -0.56396058232238 1.00000000000000
2050.91010030836333 1073.50601981021464 -0.55984500148635 1.00000000000000
2050.78692338947440 1073.58641074690968 -0.55477526935897 1.00000000000000
2050.66414398769848 1073.66752712335438 -0.55032445191850 1.00000000000000
2050.54044441459700 1073.74675365537405 -0.54638911001115 1.00000000000000
2050.41854698042152 1073.82634280715138 -0.54186317619600 1.00000000000000
2050.29553903581109 1073.90401943121105 -0.53750917210489 1.00000000000000
2050.17315376026090 1073.98251706827432 -0.53369639216449 1.00000000000000
2050.05041164217982 1074.05844191135839 -0.52917370974666 1.00000000000000
2049.92929130990524 1074.13472795998678 -0.52515934233820 1.00000000000000
2049.80788558244240 1074.20905654737726 -0.52120996841112 1.00000000000000
2049.68686942523345 1074.28387834550813 -0.51716797643541 1.00000000000000
2049.56362489075400 1074.35721743712202 -0.51252250683153 1.00000000000000
2049.44063807337079 1074.43158595310524 -0.50859001924207 1.00000000000000
2049.31664525880478 1074.50409080227837 -0.50464858016780 1.00000000000000
2049.19439201918431 1074.57648666808382 -0.50065198287333 1.00000000000000
2049.07073852588655 1074.64692749967799 -0.49628803741461 1.00000000000000
2048.94772440590896 1074.71800363995135 -0.49246375295449 1.00000000000000
2048.82464067486580 1074.78730874555185 -0.48821163077273 1.00000000000000
2048.70306383830030 1074.85579874319956 -0.48495474367505 1.00000000000000
2048.58088820765261 1074.92288294062018 -0.48127958174132 1.00000000000000
2048.45996734494111 1074.99038063501939 -0.47840219355975 1.00000000000000
2048.33873944531661 1075.05626935651526 -0.47580802559081 1.00000000000000
2048.21713751391508 1075.12334619881585 -0.47265096419883 1.00000000000000
2048.09441546257585 1075.18935823393986 -0.47033039559395 1.00000000000000
2047.97359188098926 1075.25467487098649 -0.46742564259236 1.00000000000000
2047.85191403544741 1075.31898244423792 -0.46436368867495 1.00000000000000
2047.73050143616274 1075.38357888627797 -0.46137974909123 1.00000000000000
2047.60822025826201 1075.44698376860470 -0.45842217039801 1.00000000000000
2047.48632925131824 1075.51048274151981 -0.45615054575406 1.00000000000000
2047.36467618669849 1075.57245654240251 -0.45307024163701 1.00000000000000
2047.24350546445930 1075.63413520483300 -0.45077024206202 1.00000000000000
2047.12172796775121 1075.69523052312434 -0.44732154530690 1.00000000000000
2047.00055484264158 1075.75657499907538 -0.44490512916614 1.00000000000000
2046.87884257209953 1075.81725041707978 -0.44161881858007 1.00000000000000
2046.75821084465133 1075.87792932661250 -0.43885857691250 1.00000000000000
2046.63575045403559 1075.93768730573356 -0.43475236021214 1.00000000000000
2046.51474739809055 1075.99783091899008 -0.43108323922157 1.00000000000000
2046.39263774966821 1076.05678652226925 -0.42692776797196 1.00000000000000
2046.27203984034713 1076.11598815582693 -0.42343819427645 1.00000000000000
2046.15049339015968 1076.17354400828481 -0.41914201122228 1.00000000000000
2046.03093056962825 1076.23107073083520 -0.41553044287558 1.00000000000000
2045.91025324724615 1076.28722672583535 -0.41151793668442 1.00000000000000
2045.79012671892997 1076.34377206210047 -0.40753624840093 1.00000000000000
2045.66893688787241 1076.39894328499213 -0.40326268315146 1.00000000000000
2045.54862681962550 1076.45473431050777 -0.39940340067671 1.00000000000000
2045.42709949787240 1076.50908621726558 -0.39550359430417 1.00000000000000
2045.30676984461024 1076.56454606028274 -0.39247731643666 1.00000000000000
2045.18618367088493 1076.61781254271045 -0.38877109121955 1.00000000000000
2045.06673068611417 1076.67168388748541 -0.38578977943167 1.00000000000000
2044.94630312611116 1076.72405812656507 -0.38357046605856 1.00000000000000
2044.82803298474755 1076.77685983991250 -0.38157179860857 1.00000000000000
2044.70810275332769 1076.82732380414382 -0.37892327463688 1.00000000000000
2044.58866602752823 1076.87798063643277 -0.37665578524835 1.00000000000000
2044.46840172004886 1076.92786868009716 -0.37385715568554 1.00000000000000
2044.34862145746592 1076.97783785639331 -0.37166940510300 1.00000000000000
2044.22807190497406 1077.02696214104071 -0.36935210751577 1.00000000000000
2044.10800596518675 1077.07613532058895 -0.36702818363456 1.00000000000000
2043.98720077145845 1077.12464862503111 -0.36414333861718 1.00000000000000
2043.86698424589122 1077.17353661917150 -0.36237336074952 1.00000000000000
2043.74589798098896 1077.22143618529662 -0.35976765746621 1.00000000000000
2043.62555725604761 1077.26977119361982 -0.35651588478184 1.00000000000000
2043.50534971081652 1077.31682416098192 -0.35356515578496 1.00000000000000
2043.38466787268408 1077.36437280848622 -0.34988689568509 1.00000000000000
2043.26312768307980 1077.41118595981970 -0.34646592667607 1.00000000000000
2043.14018419326749 1077.45886796712875 -0.34297996304689 1.00000000000000
2043.01539434224833 1077.50568002648652 -0.33910708806686 1.00000000000000
2042.89022081030998 1077.55403704382479 -0.33586874884237 1.00000000000000
2042.76394041063031 1077.60110633913428 -0.33215126118954 1.00000000000000
2042.63651547569316 1077.64987029926851 -0.32906345080555 1.00000000000000
2042.50710212369449 1077.69730347441509 -0.32579648364507 1.00000000000000
2042.37727982527576 1077.74632924934849 -0.32288093032762 1.00000000000000
2042.24522984598298 1077.79380487045273 -0.31929278227553 1.00000000000000
2042.11295687250094 1077.84262183867395 -0.31661203868625 1.00000000000000
2041.97857980965637 1077.88981253188103 -0.31268923463481 1.00000000000000
2041.84378907649079 1077.93848838657141 -0.30925184478539 1.00000000000000
2041.70775747904554 1077.98528278945014 -0.30444643548890 1.00000000000000
2041.57117249851581 1078.03345153667033 -0.30034902896396 1.00000000000000
2041.43246824841481 1078.08002630202100 -0.29567594494194 1.00000000000000
2041.29432066273876 1078.12779279937968 -0.29162569445255 1.00000000000000
2041.15387607261073 1078.17368208477274 -0.28692329690891 1.00000000000000
2041.01309888705146 1078.22063075285405 -0.28378017252301 1.00000000000000
2040.91783959965687 1078.25184739101678 -0.28062467011926 1.00000000000000
2040.82202149240766 1078.28265711944550 -0.27802450633823 1.00000000000000
2040.72631842776900 1078.31367590604350 -0.27611173764382 1.00000000000000
2040.62979326839559 1078.34440516307950 -0.27331480948788 1.00000000000000
2040.53200909344014 1078.37462965957820 -0.27023737452903 1.00000000000000
2040.43340130313300 1078.40556252980605 -0.26790835483525 1.00000000000000
2040.33432950114366 1078.43612136412412 -0.26517708113022 1.00000000000000
2040.23434662172804 1078.46625374304131 -0.26233890221201 1.00000000000000
2040.13416840397986 1078.49672130914405 -0.26005494956790 1.00000000000000
2040.03341428772546 1078.52733504679054 -0.25698796932656 1.00000000000000
2039.93280862970278 1078.55728239985183 -0.25387750113566 1.00000000000000
2039.83182454312919 1078.58709956239909 -0.25132748057957 1.00000000000000
2039.73049152770545 1078.61691972892731 -0.24832735293264 1.00000000000000
2039.62863262451719 1078.64524407684803 -0.24387489823853 1.00000000000000
2039.52663561445661 1078.67318968754262 -0.24053249220091 1.00000000000000
2039.42474641522858 1078.70129462284967 -0.23738851976689 1.00000000000000
2039.32264272402972 1078.72877615410835 -0.23246168837414 1.00000000000000
2039.22059507272206 1078.75615849625319 -0.22917322225971 1.00000000000000
2039.11868655215949 1078.78368151886389 -0.22650384287774 1.00000000000000
2039.01671671017539 1078.81085144169629 -0.22220774135503 1.00000000000000
2038.91520952945575 1078.83746959501877 -0.21988291608914 1.00000000000000
2038.81407371372916 1078.86386004230008 -0.21775075188197 1.00000000000000
2038.71281266259030 1078.89007504750043 -0.21454648431344 1.00000000000000
2038.61145794263575 1078.91581619251519 -0.21269665890977 1.00000000000000
2038.50960709952051 1078.93983615981415 -0.21054049855117 1.00000000000000
2038.40838151599746 1078.96390355611220 -0.20748670022198 1.00000000000000
2038.30733643117128 1078.98713953327388 -0.20488796195793 1.00000000000000
2038.20614265190670 1079.01013510255143 -0.20248804697650 1.00000000000000
2038.10500720673008 1079.03321084612980 -0.20009928356663 1.00000000000000
2038.00369611324277 1079.05556602124125 -0.19729375346620 1.00000000000000
2037.90254460921278 1079.07823416357860 -0.19511078012749 1.00000000000000
2037.80059233983047 1079.10074022784829 -0.19305781116297 1.00000000000000
2037.69905507977819 1079.12312171841040 -0.19105367789263 1.00000000000000
2037.59772845805855 1079.14512652903795 -0.18885554321172 1.00000000000000
2037.49626942991745 1079.16665023565292 -0.18677546110855 1.00000000000000
2037.39478747767862 1079.18775977427140 -0.18483773847021 1.00000000000000
2037.29404077556683 1079.20901477476582 -0.18284165718440 1.00000000000000
2037.19351688434836 1079.22960538696498 -0.18067324456029 1.00000000000000
2037.09279931650963 1079.24965522484854 -0.17846828080739 1.00000000000000
2036.99217040900839 1079.26977889845148 -0.17609832733843 1.00000000000000
2036.89142877643462 1079.28934371890500 -0.17376609251711 1.00000000000000
2036.79060118977213 1079.30889464449137 -0.17067732572792 1.00000000000000
2036.69048739847494 1079.32781430333853 -0.16771629285233 1.00000000000000
2036.59070285328198 1079.34655435569584 -0.16409956900617 1.00000000000000
2036.49023990874412 1079.36505994526669 -0.16084048579534 1.00000000000000
2036.39009667682694 1079.38336437428370 -0.15755630526931 1.00000000000000
2036.29022371477913 1079.40147048607469 -0.15413021679325 1.00000000000000
2036.19083385262638 1079.42137661483139 -0.15199424500312 1.00000000000000
2036.09135664103087 1079.44065342238173 -0.14927359035338 1.00000000000000
2035.99223700084258 1079.45894101820886 -0.14597795820175 1.00000000000000
2035.89367636980023 1079.47721533104777 -0.14367205818275 1.00000000000000
2035.79504530911800 1079.49555576965213 -0.14153026593656 1.00000000000000
2035.64754565875046 1079.52023272495717 -0.13734050107729 1.00000000000000
2035.50463507662062 1079.54615574469790 -0.13485400178338 1.00000000000000
2035.36837759055197 1079.56831377651542 -0.13186877348222 1.00000000000000
2035.23866545181954 1079.59247025800869 -0.13007240696014 1.00000000000000
2035.11353957757819 1079.61372979776934 -0.12878919218222 1.00000000000000
2035.00800892850384 1079.63447430497035 -0.12951519252187 1.00000000000000
2034.89465693535749 1079.65590301435441 -0.12561601319328 1.00000000000000
2034.79112090100534 1079.67507145646960 -0.12723460535071 1.00000000000000
